<!DOCTYPE html>
<html lang="en">
<head>
    <meta charset="UTF-8">
    <meta name="viewport" content="width=device-width, initial-scale=1.0">
    <title>Dodecad k12b averages</title>
    <link rel="stylesheet" href="style2.css">
    <script defer src="script.js"></script>
</head>
<body>
    <div id="link"><a href="index.html">Go back to the main page</a></div>
    <div id="button-div"><button id="button">Copy all</button><div id="textBox"></div></div>
    <div id="container">
<div id="content">Abazin,17.06,4.80,0.04,1.15,6.55,18.22,0.90,0.00,3.87,3.46,43.90,0.06
Abkhazian,19.42,1.35,0.15,0.34,3.99,12.6,0.59,0.05,5.11,0.65,55.58,0.17
Adyghe,18.87,3.08,0.11,0.31,6.12,17.35,0.57,0.11,4.55,1.80,47.11,0.02
Albanian,4.88,0.29,1.26,0.06,28.96,23.97,0.21,0,8.54,0.29,31.43,0.12
Albanian_Kosovo,5.18,0.14,0.62,0.17,29.47,27.1,0.23,0.01,8.13,0.26,28.69,0
Algerian,0.80,0.00,34.73,0.00,21.42,1.40,0.50,6.01,16.02,0.00,11.61,7.51
Altaian_Chelkan,12.67,31.69,0.20,2.03,2.63,23.03,1.82,0.03,0.00,24.30,1.33,0.29
Altaian_Kizhi,7.77,37.80,0.23,1.54,2.76,12.33,1.27,0.07,0.17,33.73,2.14,0.19
Altaian_Telengit,7.95,36.18,0.31,2.04,3.03,11.38,1.25,0.25,0.50,34.42,2.54,0.15
Armenian_East,17.31,0.25,0.50,0.04,10.96,6.45,0.37 ,0.01,13.83,0.19,50.02,0.02 
Armenian_West,17.23,0.05,0.79,0.11,12.26,3.33,0.39,0.1,16.05,0.08,49.54,0
Ashkenazi_Jew,5.09,0.63,3.84,0.35,25.79,13.20,0.38,0.58,14.25,0.80,34.95,0.14
Assyrian_North,18.39,0.1,1.16,0.16,10.77,2.3,0.67,0.09,19.02,0.11,47.22,0
Assyrian_South,17.88,0.14,1.52,0.19,10.92,2.02,0.74,0.28,19.27,0.17,46.83,0.02
Assyrian_West,17.46,0.09,1.42,0.13,11.51,2.31,0.47,0.17,19.11,0.11,47.21,0.02
Austrian_Tyrol,5.65,0.27,0.89,0.11,35.12,35.70,0.1 5,0,3.63,0.37,18.07,0
Avar,26.95,2.34,0.09,0.44,4.57,25.64,0.87,0.07,2.46,0.28,36.29,0
Azerbaijani_Dagestan,23.45,1.87,0.39,1.05,6.93,14.22,1.47,0.11,8.62,2.04,39.75,0.12
Azerbaijani_Iran,22.15,2.87,0.79,1.01,7.82,8.26,2.88,0.29,12.28,3.02,38.52,0.12
Azerbaijani_Jew,18.75,0.27,1.41,0.16,10.13,2.3,0.91,0.3,18.88,0.16,46.72,0
Azerbaijani_Republic,21.57,2.47,0.84,0.55,8.26,9.05,2.17,0.27,11.90,3.04,39.73,0.12
Azerbaijani_Turkey,20.37,3.02,0.47,0.66,9.25,8.51,2.5,0.09,11.25,3.45,40.27,0.1
Balkan_Gypsy,14.55,0.77,1.09,1.17,14.71,13.79,21.76,0.04,6.77,0.33,24.94,0.06
Balkar,17.85,4.25,0.34,0.82,5.26,19.62,0.26,0.03,3.5,3.63,44.42,0
Balochi,42.21,0.73,0.58,0.27,1.80,5.19,13.46,0.68,11.65,0.14,19.75,2.61
Bangladeshi,27,1.7,0.11,7.98,0.88,5.04,48.36,0.08,0.5,6.15,2.13,0.07
Bantu_N.E.,0.00,0.00,0.00,0.00,0.00,0.00,0.00,22.60,0.00,0.00,0.00,77.40
Bantu_S.E._Pedi,0.00,0.00,0.00,0.00,0.00,0.00,0.00,12.30,0.00,0.00,0.00,87.70
Bantu_S.E._S.Sotho,0.00,0.00,0.00,0.00,0.00,0.00,0.00,10.20,0.00,0.00,0.00,89.80
Bantu_S.E._Tswana,0.00,0.00,0.00,0.00,0.00,0.00,0.00,12.50,0.00,0.00,0.00,87.50
Bantu_S.E._Zulu,0.00,0.00,0.00,0.00,0.00,0.00,0.00,10.60,0.00,0.00,0.00,89.40
Bantu_S.W._Herero,0.00,0.00,0.00,0.00,0.00,0.00,0.00,8.80,0.00,0.00,0.00,91.20
Bantu_S.W._Ovambo,0.00,0.00,0.00,0.00,0.00,0.00,0.00,6.40,0.00,0.00,0.00,93.60
Bashkir_Central,9.33,19.12,0.42,0.68,10.78,37.02,1.35,0.08,1.19,10.80,9.09,0.13
Bashkir_North,8.37,17.30,0.20,0.55,11.90,40.91,1.80,0.02,1.01,7.60,10.19,0.16
Bashkir_South,10.99,24.14,0.23,1.19,7.55,29.65,1.64,0.13,0.61,15.92,7.83,0.12
Bedouin,5.00,0.00,4.90,0.00,8.20,0.40,0.00,5.30,43.30,0.00,30.80,2.10
Belarusian_Minsk,3.66,1.23,0.33,0.17,21.95,59.69,1.07,0.03,1.02,0.11,10.70,0.05
Belgian,7.56,0.17,0.66,0.09,37.35,40.90,0.43,0.10,2.17,0.12,10.34,0.06
Belorussian,3.42,1.19,0.12,0.14,22.42,58.62,0.69,0.00,1.47,0.08,11.78,0.06
Besermyan_Udmurtia,10.74,18.73,0.06,0.23,11.70,43.67,2.64,0.00,0.02,4.21,8.01,0.00
Bhunjia,0.00,1.80,0.00,20.00,0.00,0.00,78.20,0.00,0.00,0.00,0.00,0.00
Bnei_Menashe_Jew,26.30,0.00,1.60,0.00,5.10,1.10,36.70,0.00,8.20,0.90,20.00,0.10
Bonda,0.00,0.00,0.00,33.30,0.00,0.00,66.70,0.00,0.00,0.00,0.00,0.00
Bosnian,4.81,0.53,0.39,0.12,25.91,42.79,0.74,0.03,4.67,0.07,19.92,0.01
Brahmin_Tamil_Nadu,38.54,0.80,0.00,0.60,1.50,4.60,48.75,0.00,0.90,0.90,3.40,0.00
Brahmin_Uttaranchal,32.35,2.72,0.00,2.62,1.29,10.60,37.49,0.00,0.39,7.42,5.11,0.00
Brahmin_West_Bengal,32.14,1.39,0.11,2.66,1.72,10.54,44.76,0.13,0.18,1.60,4.55,0.22
Bulgarian_Central,5.47,0.62,0.91,0.26,25.87,32.70,0.40,0.04,7.00,0.29,26.44,0.01
Bulgarian_East,6.08,0.71,1.13,0.22,25.37,30.91,0.30,0.03,7.68,0.26,27.29,0.01
Bulgarian_Thrace,6.59,0.41,1.68,0,25.45,26.47,0.61,0,8.53,0.25,29.92,0
Bulgarian_West,5.18,0.64,0.76,0.33,26.50,33.89,0.30,0.02,6.66,0.29,25.42,0.03
Burmese,4.20,4.50,0.00,37.20,0.00,0.00,18.70,0.00,0.10,35.30,0.00,0.00
Burusho,43.20,3.10,0.00,0.10,0.00,11.90,24.80,0.00,0.00,8.20,8.70,0.00
Buryat,3.62,42.84,0.24,1.96,0.81,4.40,0.80,0.11,0.46,42.32,2.35,0.10
Cambodian,0.00,1.80,0.00,82.20,0.00,0.60,15.20,0.00,0.00,0.10,0.10,0.00
Chamar,24.80,0.20,0.00,0.00,0.40,1.70,71.20,0.00,0.00,1.70,0.00,0.00
Chechen,22.47,2.64,0.04,0.48,4.99,21.28,0.58,0,3.46,1.02,42.96,0.06
Chenchus,25.17,0.00,0.40,0.70,0.10,0.30,67.03,0.00,0.00,5.00,1.30,0.00
Chukchi,2.02,57.32,0,1.37,0,7.42,1.85,0.01,0,30.00,0,0.02
Chuvash,7.68,19.12,0.23,0.68,11.29,46.04,1.08,0.18,0.70,5.29,7.69,0.03
Circassian,17.33,4.19,0.06,0.16,6.49,18.36,0.64,0.01,3.82,3.71,45.19,0.02
Cochin_Jew,33.13,0.20,0.10,2.50,3.70,1.50,45.45,0.00,5.91,0.50,7.01,0.00
Coptic_Egypt,1.95,0,10.72,0.20,11.82,0,0.03,9.88,31.32,0,33.88,0.18
Crimean_Tatar_Mountain,11.39,4.28,0.41,1.2,16.94,20.86,0.72,0.08,7.08,3.75,33.27,0.03
Crimean_Tatar_Steppe,9.45,12.82,0.16,2.36,11.94,25.43,1.77,0.04,3.94,15.44,16.64,0
Croat,4.68,0.30,0.43,0.55,27.32,45.25,0.17,0.06,3.41,0.14,17.70,0
Croat_South,4.59,0.41,0.4,0.31,27.14,43.51,0.31,0.04,4.04,0.11,19.1,0.03
Czech,5.06,0.50,0.39,0.21,29.22,49.34,0.57,0.03,1.98,0.06,12.58,0.07
Dai,0.00,0.00,0.00,83.30,0.00,0.00,0.20,0.00,0.00,16.50,0.00,0.00
Danish,8.05,0.21,0.12,0.12,35.84,49.66,0.34,0.02,0.25,0.02,5.38,0
Dargin,27.5,2.29,0,0.16,5.4,26.82,0.5,0.06,0.91,0.22,36.1,0.08
Dargin_Kaitag,25.44,2.46,0.12,0.11,4.91,26.98,0.79,0.05,2.57,0.07,36.46,0.03
Dargin_Kubachi,27.22,1.64,0.05,0.49,4.48,25.48,0.32,0.02,1.41,0.30,38.56,0.04
Dharkars,34.73,0.60,0.00,0.20,1.40,5.21,56.76,0.00,0.00,0.70,0.40,0.00
Dhurwa,0.00,0.00,0.00,21.90,0.00,0.00,78.10,0.00,0.00,0.00,0.00,0.00
Dolgan,0.30,70.24,0,0.16,1.86,4.90,1.00,0.02,0.45,20.23,0.62,0.23
Dungan,2.83,6.59,0.09,24.87,0.42,2.77,0.77,0.13,0.31,58.73,2.16,0.33
Dusadh,30.80,0.00,0.00,1.00,0.40,2.30,63.60,0.00,0.10,1.80,0.00,0.00
Dutch,7.40,0.19,0.03,0.12,37.25,44.28,0.57,0.27,0.54,0.02,9.09,0.25
Egyptian,4.49,0.14,9.14,0.15,12.30,0.13,0.62,11.12,25.89,0.22,29.30,6.49
Enets,3.16,66.82,0,0,0.95,17.61,0.15,0,0,11.30,0,0.02
English,8.91,0.26,0.35,0.02,38.59,43.44,0.20,0.08,0.86,0.04,7.16,0.03
English_North,9.01,0.25,0.27,0.03,38.47,44.34,0.25,0.02,0.65,0.10,6.54,0.02
English_South,9.09,0.26,0.41,0.14,38.28,43.01,0.24,0.07,0.94,0.04,7.44,0.02
Estonian,4.27,2.65,0.09,0.20,21.08,64.31,0.96,0.09,0.39,0.21,5.67,0.07
Ethiopian,0.11,0.18,10.34,0.21,1.28,0,0.04,40.72,27.10,0.15,11.24,8.62
Evenk,0.57,72.83,0.34,0.02,0.19,1.81,0.16,0.07,0.16,23.20,0.47,0.18
Finnish_East,2.64,8.30,0.16,0.36,17.72,66.47,0.71,0.05,0.98,0.90,1.71,0
Finnish_West,4.85,6.09,0.26,0.22,22.52,62.24,0.78,0.03,0.57,0.59,1.87,0
French_Corsica,4.81,0,3.00,0,39.95,17.76,0.09,0,8.31,0.06,25.99,0.02
French_North,7.75,0.19,1.29,0.60,38.56,37.37,0.36,0.36,2.56,0.19,10.33,0.42
French_Northeast,7.49,0.34,1.30,0.10,38.30,37.06,0.11,0.13,3.53,0.20,11.19,0.25
French_Northwest,9.26,0.20,0.43,0,38.92,42.21,0.34,0.17,0.86,0.14,7.35,0.08
French_Southwest,5.56,0.16,2.00,0.21,53.12,27.50,0.69,0.12,2.61,0.43,7.54,0.06
Gadaba,0.00,0.00,0.00,31.00,0.00,0.00,69.00,0.00,0.00,0.00,0.00,0.00
Garo,0.00,4.70,0.00,36.20,0.00,0.00,20.80,0.00,0.00,38.10,0.20,0.00
Georgian_Kartli-Kakheti,20.47,0.30,0.25,0.22,6.95,9.18,0.69,0.04,9.40,0.04,52.46,0
Georgian_West,19.55,0.64,0.08,0.16,4.36,9.32,0.30,0,5.79,0.29,59.49,0
German,7.00,0.40,0.44,0.15,32.35,48.46,0.33,0.13,1.53,0,9.04,0.16
German_Bavaria,6.87,0.32,0.56,0.11,35.71,39.06,0.15,0,2.40,0.06,14.77,0
German_Northwest,8.26,0.21,0.30,0.13,35.34,47.17,0.22,0.06,0.83,0.02,7.41,0
Gond,16.08,0.60,0.00,9.69,0.10,1.30,71.83,0.00,0.00,0.40,0.00,0.00
Greek_Athens,5.40,0.38,1.46,0.27,26.85,20.60,0.16,0.13,10.50,0.34,33.64,0.25
Greek_Cappadocia,11.66,0.41,0.6,0,18.85,6.27,0.13,0,14.23,0.1,47.73,0.02
Greek_Central,6.57,0.30,1.39,0.15,26.97,20.86,0.01,0.23,10.20,0.24,33.07,0.01
Greek_Crete,8.29,0.25,2.44,0.02,22.84,13.54,0.36,0.30,13.40,0.07,38.34,0.12
Greek_Cypriot,8.86,0.14,3.25,0.13,20.88,3.81,0.33,0.37,18.23,0.26,43.72,0
Greek_Foca,6.56,0.19,1.76,0.18,25.37,18.93,0.21,0.02,10.90,0.32,35.62,0
Greek_Fournoi,7.48,0,3.19,0,23.67,13.76,0.26,0,13.04,0.99,37.59,0 
Greek_Icaria,5.33,0.76,1.77,0.25,25.46,10.78,0.77,0,13.57,0.11,41.15,0.04
Greek_Izmir,7.35,0.18,2.22,0.08,24.16,15.48,0.15,0.10,12.00,0.04,38.21,0
Greek_Kos,8.51,0.10,2.81,0.29,23.06,10.34,0.16,0.07,14.40,0.22,39.98,0.06
Greek_Lemnos,8.61,0.03,2.25,0,24.94,17.12,0.93,0.09,11.15,0.91,34.30,0
Greek_Macedonia,5.32,0.31,0.60,0.15,28.27,29.61,0.20,0.00,7.24,0.21,28.12,0.00
Greek_Peloponnese,6.05,0.17,1.59,0.11,26.09,22.67,1.02,0.06,10.20,0.23,31.76,0
Greek_Pontus,14.93,0.01,0.41,0.06,12.38,4.19,0.13,0.02,12.78,0.1,54.94,0
Greek_Rhodes,8.41,0.16,2.72,0.36,23.32,9.44,0.16,0.12,14.41,0.1,40.77,0
Greek_Thessaloniki,5.04,0.36,1.51,0.19,26.71,25.24,0.48,0.05,8.95,0.21,31.24,0.03
Greek_Thessaly,5.71,0.39,1.56,0.05,27.83,25.09,0.47,0,8.96,0.13,29.67,0.01
Greek_Thrace,5.98,0.37,1.30,0.04,27.71,24.67,0.29,0,9.26,0.14,30.21,0.01
Gujarati_Brahmin,37.89,1.48,0.09,0.23,1.23,10.96,38.61,0.12,0.88,0.58,7.67,0.24
Hakkipikki,21.62,0.10,0.00,0.80,0.10,0.10,73.97,0.00,1.10,1.90,0.30,0.00
Han_Central,0.1,1.19,0.01,41.27,0.04,0.21,0,0,0,57.18,0,0
Han_Guangdong,0.03,0.15,0.12,60.62,0.13,0.05,0.28,0,0,38.49,0.09,0.03
Han_North,0.5,5.79,0,25.76,0.09,0.06,0,0.05,0.03,67.38,0.27,0.07
Haryana_Ror,35.49,2.25,0.02,0.02,5.38,20.35,26.82,0.07,0.74,0.15,8.71,0
Hazara,20.52,17.32,0.00,2.50,2.60,9.21,6.51,0.00,2.30,29.53,9.51,0.00
Hemshin,17.03,0.06,0.41,0.2,9.36,4.68,0.37,0.02,11.13,0.02,56.67,0.01
Ho,0.00,0.90,0.00,24.60,0.00,0.00,74.50,0.00,0.00,0.00,0.00,0.00
Hungarian,5.69,1.19,0.59,0.21,28.09,44.65,0.65,0.04,3.31,0.24,15.16,0.02
Hungarian_Alföld,5.24,1.39,0.63,0.22,28.05,45.73,0.66,0.04,3.19,0.17,14.68,0
Hungarian_North,5.16,1.31,0.6,0.26,27.34,46.81,0.55,0.01,2.91,0.13,14.93,0
Hungarian_Transdanubia+Budapest,6.02,0.85,0.55,0.19,28.36,44.2,0.67,0.06,3.37,0.23,15.2,0.02
Hungarian_Transylvania+Székely,6.06,2.42,0.62,0.18,27.89,40.32,0.6,0,4.06,0.73,16.94,0.09
Icelandic,9.57,0.48,0.16,0.06,36.34,47.89,0.29,0,0.15,0.05,5.01,0
Indonesian_Java,0.07,1.38,0.09,76.50,0.13,0.19,12.26,0.20,0.43,7.95,0.43,0.35
Ingush,22.2,3.01,0.25,0.77,5.52,18.18,0.11,0.05,3.86,1.69,44.23,0.13
Iranian_Arab,18.52,0.29,2.61,0.21,6.69,3.63,4.18,3.35,23.35,0.45,34.63,1.87
Iranian_Bandari,35.42,0.33,0.37,0.70,2.01,6.42,11.00,1.81,11.25,0.00,25.24,5.46
Iranian_Central,27.04,0.96,0.37,0.64,6.16,7.35,5.77,0.78,12.87,0.66,36.64,0.68
Iranian_Fars,27.45,0.89,1.31,0.74,5.59,6.25,6.10,1.25,14.09,1.23,34.77,0.33
Iranian_Kerman,29.71,0.99,0.30,0.21,6.09,8.31,7.60,0.85,12.19,0.34,32.96,0.49
Iranian_Khorasan,28.01,1.89,0.34,0.29,6.34,9.65,7.63,0.44,10.14,2.84,32.17,0.26
Iranian_Lur,27.78,1.32,0.8,0.37,6.35,4.08,4.03,0.5,14.64,0.61,39.33,0.2
Iranian_Mazandaran,33.07,0.48,0.25,0.26,2.86,5.68,5.27,0.32,10.96,0.26,40.38,0.19
Iranian_Zoroastrian,28.13,0.61,1.06,0.49,6.18,9.13,4.68,0.27,12.55,0.22,36.39,0.29
Iraqi_Arab,16.56,0.45,2.95,0.27,8.15,3,3.31,3.67,25.43,0.78,33.56,1.82
Iraqi_Baghdad,18.64,0.77,2.42,0.31,8.82,3.91,3.22,2.3,20.37,0.79,37.64,0.8
Iraqi_Jew,17.41,0.02,2.54,0.15,10.92,0.51,0.75,0.46,22.23,0.24,44.74,0
Irish,10.60,0.28,0.05,0.04,39.14,44.43,0.21,0.03,0.08,0.02,5.06,0.01
Italian_Abruzzo,7.59,0.03,3.23,0.04,29.12,16.1,0,0.08,10.91,0.32,32.6,0
Italian_Aosta_Valley,5.82,0.06,1.62,0.14,40.65,29.99,0.25,0.05,4.3,0.03,16.98,0.1
Italian_Apulia,7.38,0.32,2.81,0.34,26.2,17.19,0.27,0.27,11.31,0.41,33.36,0.15
Italian_Basilicata,8.9,0,3.92,0.1,27.08,14.41,0.67 ,0.62,11.23,0.05,32.98,0.04 
Italian_Calabria,7,0.13,4.18,0.08,27,11.44,0.26,0.6,13.52,0.22,35.45,0.1
Italian_Campania,7.07,0.09,2.82,0.09,28.91,13.73,0.1,0.33,12.32,0.02,34.34,0.1
Italian_Emilia,6.13,0,1.15,0.18,37.61,22.76,0.14,0.11,7.4,0.25,24.22,0.06
Italian_Friuli_VG,5.44,0.28,1.17,0.01,34.92,29.32,0.08,0,7.03,0,21.72,0.02
Italian_Jew,5.91,0.27,5.61,0.28,26.04,8.53,0.36,1.02,16.51,0.14,35.34,0
Italian_Lazio,6.73,0,2.67,0.05,31.7,19.82,0.26,0.07,9.79,0.17,28.75,0
Italian_Liguria,5.1,0.05,2.01,0.09,37.89,23.23,0.25,0.05,7.89,0.05,23.39,0
Italian_Lombardy,4.75,0.12,1.12,0.04,39.63,25.08,0.17,0.01,6.41,0.03,22.62,0.03
Italian_Marche,6.42,0.08,2.38,0.05,32.91,18.72,0.29,0.27,9.80,0,29.042,0.03
Italian_Molise,6.89,0.1,2.32,0,29.31,15.22,0.03,0. 11,12.03,0.10,33.84,0.02
Italian_Piedmont,5.92,0.13,1.73,0.09,37.82,26.02,0.04,0.04,6.73,0.02,21.37,0.1
Italian_Romagna,6.08,0,1.87,0.13,34.66,20.98,0.1,0,8.99,0,27.19,0
Italian_Sicily,7.31,0.48,4.59,0.10,27.22,13.45,0.25,0.65,12.1,0.05,33.16,0.64
Italian_Trentino,4.79,0.22,0.73,0.04,38.71,29.79,0,0,5.47,0.02,20.22,0
Italian_Tuscany,6.12,0.05,1.21,0.14,36.89,21.81,0.16,0.06,8.21,0,25.36,0
Italian_Umbria,5.96,0.10,1.99,0.19,33.10,20.43,0.1 7,0.09,9.25,0.15,28.46,0.06
Italian_Veneto,5.44,0.04,1.43,0.18,36.93,27.16,0.06,0,5.73,0.15,22.83,0.03
Itelmen,2.57,55.38,0,1.45,0,6.50,1.22,0,0,32.82,0,0.05
Iyengar,38.70,1.00,0.00,0.00,0.00,6.40,52.00,0.00,1.20,0.00,0.70,0.00
Iyer,39.26,0.00,0.00,0.00,2.90,4.50,50.35,0.00,1.30,1.10,0.60,0.00
Japanese,0,4.79,0.08,10.72,0,0,1.51,0.10,0.06,82.66,0.04,0
Jordanian_Christian,8.53,0.12,4.85,0.17,15.1,1.09,0.16,1.73,25.8,0.17,42.28,0
Jordanian_Muslim,10.35,0.16,5.57,0.26,12.6,1.84,1.1,5.09,25.03,0.41,35.63,1.99
Juang,0.00,0.10,0.00,33.00,0.00,0.00,66.90,0.00,0.00,0.00,0.00,0.00
Kabardin,17.13,4.40,0.06,1.24,7.60,19.33,0.87,0.14,4.01,3.27,41.95,0.01
Kalash,40.84,2.38,0.00,0.29,0.52,17.04,22.16,0.00,0.57,0.48,15.71,0.00
Kalmyk,4.18,34.5,0.27,3.84,1.92,6.85,0.35,0,0.61,43.49,3.9,0
Kanjars,34.50,0.00,0.00,0.10,0.00,6.20,57.60,0.00,0.00,1.60,0.00,0.00
Karachay,18.10,4.37,0.17,0.82,5.43,18.22,0.94,0.00,3.44,3.37,45.15,0.00
Karakalpak,10.24,22.04,0.08,3.26,5.09,16.51,2.78,0.1,1.55,27.38,10.98,0
Karelian,3.31,7.58,0.32,0.53,18.87,63.60,0.92,0.07,0.71,0.61,3.47,0.01
Kashmiri,37.65,1.75,0.00,0.83,0.66,10.49,33.43,0.01,1.55,2.10,11.39,0.14
Kazakh,8.45,25.91,0.16,3.09,4.58,14.51,1.68,0.01,0.8,32.54,8.26,0
Ket,7.09,56.91,0.01,0.40,0.07,23.48,1.33,0.04,0,10.60,0,0.07
Khakass,8.33,37.42,0.13,2.12,2.09,17.07,1.36,0.13,0.37,29.17,1.66,0.13
Khamnigan,2.51,44.07,0.35,3.91,1.04,2.99,0.67,0.18,0.36,42.50,1.37,0.06
Khanty,8.11,47.13,0,0.14,0.92,33.67,1.38,0.01,0.04,8.57,0.01,0.02
Kharia,0.30,0.10,0.00,27.20,0.00,0.30,72.10,0.00,0.00,0.00,0.00,0.00
Khasi,4.60,4.20,0.00,37.24,0.00,2.60,32.53,0.00,0.00,18.82,0.00,0.00
Kho,37.62,4.04,0,0.34,0.30,17.82,21.24,0,2.10,1.74,15.60,0
Kohistani_Pakistan,39.42,2.24,0.04,0.71,0.47,11.17,28.69,0.05,1.42,2.45,13.22,0.13
Kol,28.80,0.10,0.00,0.60,0.00,2.60,66.80,0.00,0.00,0.90,0.20,0.00
Komi,8.20,15.22,0.05,0.24,14.38,52.02,1.05,0,0.15,2.74,5.91,0
Korean,0,6.52,0,16.97,0,0.02,0.06,0,0.02,76.39,0,0
Koryak,1.87,56.27,0,2.48,0,6.19,1.13,0,0,32.03,0,0.04
Kshatriya,37.60,1.10,0.00,0.40,1.40,9.40,47.90,0.00,0.00,0.00,2.20,0.00
Kumyk,20.38,3.02,0.23,0.27,6.21,20.22,1.14,0.24,4.93,2.79,40.46,0.11
Kurd_Feyli,27.47,1.12,1.26,0.33,4.98,5.36,3.77,0.34,14.60,0.30,40.12,0.14
Kurd_Kurmanji,24.19,1.39,1.15,0.18,8.64,7.09,2.59,0.26,13.97,0.62,39.81,0.1
Kurd_Sorani,26.73,0.81,0.71,0.51,6.50,6.64,3.39,0.24,14.97,0.66,38.80,0.03
Kurdish_Jew,17.67,0.16,2.3,0.22,10.34,1.04,0.96,0.38,21.72,0.07,45.13,0
Kurmi,34.10,0.00,0.00,0.00,0.00,4.20,56.20,0.00,0.00,2.40,3.10,0.00
Kurumba,33.20,0.40,0.00,0.10,0.00,0.00,64.10,0.00,0.50,0.60,1.10,0.00
Kuwait1,7.11,0.69,4.10,0.57,5.49,1.31,1.64,5.48,43.65,0.25,27.62,2.09
Kuwait2,2.37,0.42,3.30,0.31,5.36,0.45,0.67,3.65,56.80,0.26,26.23,0.19
Kyrgyz,8.47,26.71,0.1,3.91,3.06,11.41,2.45,0.02,0.76,35.78,7.31,0.03
Kyrgyz_Pamir,10.81,25.63,0.01,4.36,2.88,12.23,2.01,0.00,0.79,34.31,6.98,0.00
Lahu,0.00,2.90,0.00,74.50,0.00,0.00,2.90,0.00,0.00,19.70,0.00,0.00
Lak,26.16,2.54,0.02,0.41,4.65,24.62,1.09,0.09,2.34,0.14,37.94,0
Lambadi,32.13,0.00,0.00,3.30,0.00,4.70,54.35,0.00,0.00,0.60,4.90,0.00
Latvian,2.70,0.79,0,0.10,19.21,69.13,0.82,0.06,0.40,0.15,6.62,0
Laz,17.25,0.06,0.17,0.25,9.41,5.05,0.1,0,10.19,0.03,57.48,0
Lebanese_Christian,11.27,0.10,3.78,0.09,15.50,1.66,0.21,0.84,22.71,0.11,43.72,0.02
Lebanese_Muslim,12.80,0.40,4.36,0.39,13.11,3.06,1.30,3.46,20.70,0.36,38.62,1.45
Lezgin,27.6,2,0.12,0.03,4.82,21.64,0.75,0.14,4.52,0.55,37.36,0.45
Lithuanian,2.24,0.79,0.04,0.04,20.54,66.73,0.76,0.06,0.49,0.15,8.15,0
Luhya,0.00,0.00,0.00,0.00,0.00,0.00,0.00,24.30,0.00,0.00,0.00,75.70
Macedonian_East,4.65,0.39,0.52,0.23,29.07,30.58,0.09,0,7.26,0.40,26.82,0
Macedonian_Northeast&Skopje,4.54,0.36,0.68,0.21,27.65,31.03,0.08,0.02,7.28,0.21,27.89,0.05
Macedonian_Polog,5.61,0.27,1.13,0.11,28.51,30.98,0.20,0.02,6.57,0.18,26.39,0
Macedonian_South,5.06,0.27,1.23,0.11,28.81,28.50,0.23,0.02,8.19,0.17,27.46,0
Macedonian_Vardar,5.62,0.48,1.26,0.10,29.18,29.02,0.29,0,6.83,0.21,27.02,0
Malay_Malaysia,4.24,1.18,0.35,59.65,0.40,0.99,17.38,0.19,0.40,13.55,1.47,0.19
Malayali,35.33,0.52,0.19,1.59,0.28,3.01,50.19,0.16,2.15,1.62,4.89,0.07
Manchu_Liaoning,0.18,6.24,0.12,26.71,0.19,0.14,0.11,0.03,0.08,65.98,0.20,0.02
Mandean,20.14,0.07,2.28,0.11,9.75,0.91,1.65,0.42,20.96,0.19,43.54,0
Mandenka,0.00,0.00,2.70,0.00,0.00,0.00,0.00,0.00,0.00,0.00,0.00,97.30
Mansi,5.75,42.24,0,0.76,2.52,38.74,1.29,0.01,0,7.74,0.96,0
Mari,8.02,23.81,0.07,0.26,9.62,45.82,1.11,0.02,0.12,6,5.14,0
Mawasi,1.80,0.80,0.00,21.80,0.00,0.30,73.90,0.00,0.00,0.00,1.40,0.00
Meena,43.40,0.60,0.00,0.90,2.90,6.90,43.50,0.00,0.60,0.00,1.20,0.00
Meghawal,36.00,1.30,0.90,0.20,1.00,2.80,55.60,0.00,0.70,0.00,1.50,0.00
Miaozu,0.00,0.00,0.00,50.50,0.00,0.00,0.00,0.00,0.00,49.50,0.00,0.00
Moldovan_Central,5.01,0.95,0.83,0.26,24.94,40.17,0.77,0.00,4.96,0.89,21.17,0.04
Moldovan_Gagauz,6.83,0.88,1.53,0.42,25.12,30.38,0.77,0.04,6.51,0.36,27.10,0.06
Moldovan_Jewish,5.42,0.53,4.82,0.79,24.63,13.88,0.12,0.49,14.32,0.28,34.67,0.02
Moldovan_North,4.43,1.26,0.45,0.50,24.27,43.38,0.39,0.12,4.72,0.48,19.99,0.03
Moldovan_South,5.28,0.78,1.21,0.58,25.58,36.57,0.21,0.05,5.98,0.45,23.21,0.11
Mongol_Khalkh,3.14,32.62,0.22,6.40,0.61,5.19,0.85,0.10,0.44,47.33,3.01,0.08
Mongol_Uuld,4.73,33.82,0.13,4.31,0.76,5.76,0.48,0.11,0.44,45.93,3.34,0.20
Montenegrin,4.84,0.61,0.57,0.09,27.95,35.96,0.21,0.02,5.98,0.15,23.62,0.01
Mordovian,5.3,6.04,0.1,0.41,18.32,55.71,0.83,0.08,1.18,1.61,10.37,0.04
Moroccan,0.08,0.06,30.48,0.26,22.16,1.12,0.20,8.91,17.35,0.08,11.94,7.34
Morocco_Jew,5.41,0.00,9.51,0.00,27.33,4.30,0.50,1.10,17.02,0.00,34.03,0.80
Naga,0.00,5.71,0.00,17.82,0.00,0.00,3.60,0.00,0.00,72.87,0.00,0.00
Nanai,0.04,43.22,0.01,2.18,0.01,0.00,0.14,0.05,0.01,54.33,0.00,0.02
Naxi,0.00,4.80,0.00,28.10,0.00,0.00,2.90,0.00,0.00,64.20,0.00,0.00
Negidal,0.00,47.22,0.01,1.13,0.00,0.00,0.05,0.04,0.01,51.46,0.00,0.07
Nenets_Forest,4.22,65.36,0,0.03,0.05,19.28,0.83,0.01,0,10.18,0.02,0.03
Nenets_Tundra,3.73,61.84,0.03,0.17,1.16,20.90,0.83,0.03,0.07,10.57,0.60,0.07
Nepali_Gurung,3.76,9.38,0.08,16.33,0.05,0.25,13.91,0.15,0.00,55.76,0.10,0.22
Nepali_Khas_Brahmin,33.77,1.82,0.09,1.36,2.51,13.64,35.36,0.05,0.50,4.13,6.71,0.05
Nepali_Khas_Kshatriya,27.02,3.62,0.07,5.35,1.22,9.01,33.23,0.07,0.71,16.00,3.66,0.04
Nepali_Kirant_Rai,1.06,9.20,0.00,18.58,0.00,0.06,7.66,0.02,0.00,62.67,0.22,0.54
Nepali_Newar_Shrestha,17.21,5.85,0.25,9.54,0.79,3.12,29.01,0.27,0.00,32.71,1.21,0.05
Nepali_Tharu,15.85,4.64,0.19,10.28,0.34,2.39,31.17,0,0.13,34.60,0.41,0
Nganasan,0.13,90.28,0.06,0.40,0.02,1.09,0.15,0.08,0.02,7.63,0,0.13
Nihali,10.39,2.00,0.00,10.19,1.20,0.40,75.52,0.00,0.00,0.30,0.00,0.00
Nivh,0.10,36.03,0.00,0.26,0.00,0.07,1.01,0.00,0.03,62.45,0.03,0.02
Nogai,13.01,10.65,0.24,0.69,4.63,21.94,0.61,0,0.75,11.90,35.58,0
Nogai_Astrakhan,7.29,23.04,0.19,2.51,7.87,18.20,1.19,0.06,1.77,28.07,9.78,0.04
Nogai_Stavropol,9.88,20.61,0.14,2.69,6.66,15.63,2.49,0.10,1.50,27.18,13.13,0.00
North_Kannadi,20.12,0.50,0.00,0.00,0.00,0.20,76.28,0.00,0.00,0.90,2.00,0.00
North_Russian,3.51,7.08,0.05,0.22,19.99,60.37,0.69,0.05,0.77,0.81,6.41,0.05
Norwegian,8.82,0.80,0.08,0.14,35.39,49.07,0.47,0,0.42,0.18,4.58,0.03
Nuristani_Afghanistan,41.29,2.22,0,0,0.21,15.98,22.41,0,0.69,0.24,16.96,0
Nusayri_Turkey,12.48,0.49,3.15,0.39,16.16,2.82,0.58,1.16,19.46,0.1,42.95,0.25
Oroqen,0.00,44.20,0.00,3.50,0.00,0.00,0.00,0.00,0.00,52.30,0.00,0.00
Ossetian,18.58,3.81,0.08,0.31,5.49,17.23,0.61,0,3.46,2.29,48.07,0.08 
Ossetian_South,19.84,2.65,0.54,0.88,3.78,15.66,0.13,0.02,3.13,1.82,51.42,0.13
Palestinian,10.56,0.37,5.76,0.15,13.25,1.89,0.65,4.58,24.15,0.45,36.51,1.63
Palestinian_Christian,9.34,0.06,4.3,0,15.12,1.29,0.25,1.57,25.1,0.09,42.87,0
Pamiri_Ishkashim,32.91,4.60,0.00,0.49,4.38,22.36,13.64,0.06,1.30,3.74,16.52,0.00
Pamiri_Rushan,32.02,4.15,0.04,0.53,6.68,24.69,9.22,0.07,1.80,2.75,18.04,0.01
Pamiri_Shughnan,32.06,4.44,0.00,0.15,6.02,24.32,10.09,0.08,1.93,3.56,17.36,0.01
Pamiri_Wakhan,31.54,5.87,0,1.18,3.47,21.98,13.53,0.10,0.78,5.85,15.68,0.03
Paniya,0.00,2.70,0.00,62.40,0.00,0.20,23.80,0.50,0.00,8.80,0.00,1.60
Parsi_India,29.59,1.14,0.95,0.84,4.15,4.79,16.30,0.71,12.58,0.64,29.12,0.08
Pashtun_Kandahar,35.75,2.18,0.13,0.25,3.21,15.45,16.59,0.25,4.09,1.93,20.12,0.07
Pashtun_Tarkalani,37.16,1.50,0.19,0.69,1.80,15.17,21.64,0.19,3.63,1.12,16.78,0.19
Pashtun_Uthmankhel,36.96,2.46,0.00,0.36,2.57,15.39,21.95,0.00,3.11,0.78,16.28,0.14
Pashtun_Yusafzai,37.17,2.04,0.03,0.55,2.17,13.48,24.02,0.08,2.80,1.16,16.33,0.16
Piramalai_Kallars,31.30,0.00,0.00,0.00,0.00,0.00,66.60,0.00,0.70,1.10,0.30,0.00
Polish,3.72,0.69,0.16,0.18,25.28,56.52,0.44,0.10,1.67,0.06,11.17,0
Polish_Mazovia,3.42,0.72,0.21,0.17,23.32,58.08,0.71,0,1.10,0.27,11.96,0.04
Polish_Warmia-Masuria,5.29,0.89,0.04,0.18,26.06,56.85,0.28,0.03,1.64,0.16,8.58,0
Pomak_Bulgaria,5.24,0.47,0.66,0.16,25.26,33.51,0.29,0.01,7.28,0.56,26.51,0.05
Pomak_Greece,5.70,1.07,1.21,0.19,23.00,32.93,0.23,0.08,7.28,0.40,27.99,0.06
Portuguese,4.73,0.15,6.25,0.11,41.65,25.58,0.29,0.83,5.78,0.19,13.34,1.10
Punjabi_Jatt,38.93,1.58,0.03,0.39,2.81,14.71,30.12,0.06,1.37,0.39,9.57,0.04
Punjabi_Khatri,38.50,1.73,0.01,0.17,1.06,11.97,30.39,0.03,1.94,0.96,13.22,0.02
Punjabi_Tarkhan,38.00,1.55,0.12,0.21,1.41,11.60,34.49,0.17,1.30,1.39,9.68,0.10
Romanian_Banat,5.52,0.86,1.09,0.24,27.14,35.66,0.40,0.04,5.46,0.20,23.39,0.01
Romanian_Crișana,4.71,0.88,1.19,0.21,26.98,38.35,0.63,0.02,4.71,0.46,21.85,0.01
Romanian_Dobrogea,4.88,0.62,0.54,0.40,25.83,34.90,0.35,0.09,6.34,0.26,25.76,0.04
Romanian_Maramureș,5.10,0.95,0.57,0.38,26.85,38.59,0.54,0.01,4.89,0.50,21.58,0.03
Romanian_Muntenia,5.90,1.01,0.62,0.08,26.65,33.68,0.54,0.08,5.59,0.66,25.15,0.02
Romanian_North_Moldavia,5.20,1.17,0.84,0.39,25.64,40.97,0.79,0.05,4.48,0.39,20.06,0.02
Romanian_Oltenia,5.11,0.72,0.98,0.35,27.07,34.25,0.36,0.04,6.36,0.48,24.26,0.01
Romanian_South_Moldavia,5.08,1.32,1.04,0.49,26.76,36.88,0.53,0.02,5.41,0.28,22.17,0.02
Romanian_Transylvania,5.15,0.96,0.94,0.34,27.28,36.39,0.34,0.03,5.55,0.54,22.47,0.01
Russian,4.18,4.88,0.14,0.28,20.22,57.75,0.91,0.03,0.96,0.79,9.83,0.04
Russian_Kostroma,4.12,6.73,0.30,0.52,18.61,58.64,0.36,0.04,1.29,0.73,8.64,0.02
Russian_Kursk,4.45,1.80,0.18,0.22,20.29,57.50,1.07,0,1.15,0.64,12.71,0
Russian_Northern_Dvina,3.41,8.26,0.08,0.49,17.35,60.85,0.64,0,0.55,1.13,7.23,0
Russian_Oryol,4.93,2.31,0.21,0.15,20.97,57.11,0.61,0,0.92,0.16,12.63,0
Russian_Ryazan,4.84,4.07,0.34,0.23,20.16,56.20,0.81,0.20,0.80,0.38,11.91,0.07
Russian_Smolensk,3.80,1.33,0.14,0.17,21.83,58.85,0.64,0.05,1.38,0.30,11.53,0
Russian_Tver,4.15,2.92,0.05,0.45,19.96,59.80,0.80,0,0.90,0.63,10.36,0
Russian_Ural,5.45,9.49,0.04,0.17,17.07,56.40,1.28,0.04,0.17,1.59,8.25,0.05
Russian_Voronezh,3.41,1.93,0.32,0.27,20.72,57.73,0.49,0.09,1.63,0,13.41,0
Saami_Sweden,4.28,23.14,0.03,0.32,11.85,55.53,0.35,0.01,0,4.49,0,0
Sakha_Yakutia,1.57,65.57,0.02,1.30,0.34,3.01,0.69,0.09,0.30,25.98,1.13,0
Sakilli,26.20,0.00,0.00,1.20,0.00,0.00,71.20,0.00,0.40,1.00,0.00,0.00
Sandawe_He,0.10,0.00,0.00,0.00,1.00,0.00,0.00,67.70,0.50,0.00,1.70,29.00
Santhal,3.10,0.00,0.00,16.58,0.00,0.00,78.22,0.00,0.00,2.10,0.00,0.00
Sardinian,0,0,4.61,0,56.43,7.79,0,0,8.75,0.04,22.34,0
Saudi,6.64,0.18,3.92,0.24,5.74,0.43,1.26,3.65,50.01,0.13,27.52,0.26
Savara,0.00,1.30,0.00,25.50,0.00,0.00,73.20,0.00,0.00,0.00,0.00,0.00
Scottish,10.19,0.22,0.19,0.12,38.52,44.22,0.22,0.01,0.47,0.03,5.74,0.00
Selkup,5.90,58.22,0.16,1.30,0.41,26.25,1.02,0,0.01,6.63,0.01,0.08
Sephardic_Jew,5.69,0.20,6.19,0.00,26.47,6.09,0.40,0.70,16.18,0.00,38.06,0.00
Serb,4.73,0.79,0.53,0.24,27.31,39.08,0.38,0.04,5.13,0.20,21.57,0.01
She,0.00,0.00,0.00,48.40,0.00,0.00,0.00,0.00,0.00,51.60,0.00,0.00
Shor,11.42,34.78,0.01,1.06,1.96,22.68,2.16,0.05,0.17,24.64,1.00,0.05
Sindhi_Hindu,39.18,1.55,0.11,0.21,0.81,11.63,29.28,0.20,2.05,0.73,13.89,0.35
Slovak,5.18,0.73,0.28,0.26,26.53,50.32,0.60,0.03,2.66,0.21,13.18,0
Slovenian,4.70,0.44,0.22,0.26,28.92,45.97,0.22,0.06,3.18,0.10,15.90,0
Somali,0,0.06,11.19,0.09,0.43,0.03,0.31,54.18,20.13,0.22,2.72,10.64
Sorb_Lusatia,5.53,0.51,0.49,0.15,26.83,53.94,0.23,0,1.24,0.01,11.08,0
Spanish_Andalusia,5.70,0.22,4.38,0.16,47.02,24.67,0.40,0.17,4.99,0.10,11.79,0.39
Spanish_Aragon,5.86,0.08,3.39,0,48.45,25.57,0.34,0.17,3.80,0.08,12.21,0.15
Spanish_Asturias,6.23,0.04,5.04,0.39,48.59,23.26,0.34,0.66,4.45,0.00,10.52,0.50
Spanish_Baleares,6.00,0.10,2.70,0.40,43.77,27.09,0.24,0.10,4.74,0.22,15.33,0.33
Spanish_Basque,6.47,0.14,1.35,0.21,59.28,25.18,0.20,0.04,1.80,0.16,5.12,0.04
Spanish_Canarias,4.50,0.25,7.93,0.18,39.36,23.46,0.22,1.50,6.70,0.15,13.62,2.12
Spanish_Cantabria,5.07,0.39,3.00,0.04,48.31,27.20,0,0.53,3.31,0.20,11.75,0.22
Spanish_Castilla-Leon,5.43,0,4.31,0.20,45.13,25.39,0.22,0.24,5.29,0.13,13.30,0.35
Spanish_Catalonia,5.43,0.09,2.60,0.10,46.39,27.16,0.46,0.26,4.23,0.09,12.99,0.18
Spanish_Galicia,5.16,0.29,5.08,0.51,45.34,26.31,0.73,0.54,4.38,0,11.30,0.39
Spanish_La_Rioja,5.26,0.10,2.62,0,51.23,26.02,0.46,0.11,3.42,0.10,10.5,0.18
Spanish_Valencia,5.43,0.14,3.66,0.16,46.01,25.63,0.24,0.19,4.93,0.18,13.21,0.23
Sri_Lankan,32.52,0.40,0.28,2.32,0.53,1.12,57.10,0.17,1.13,1.71,1.93,0.79
Swedish,7.80,0.74,0.05,0.09,34.23,51.06,0.25,0,0.53,0.04,5.19,0
Swiss_French,6.95,0.19,0.73,0,36.6,35.81,0,0.12,3. 72,0,15.83,0
Swiss_German,6.87,0.09,0.88,0.05,37.93,37.67,0,0,3 .26,0,13.21,0
Swiss_Italian,3.9175,0.0825,1.1025,0,39.8525,28.55,0.185,0.0625,5.7975,0,20.45,0
Syrian_Christian,9.5,0.12,4.55,0.04,15.11,0.57,0.1,1.7,25.65,0.17,42.48,0
Syrian_Muslim,13.25,0.44,3.56,0.55,11.1,2.94,1.57,3.71,23.82,0.57,36.68,1.81
Tabasaran,25.94,2.18,0,0.18,5.97,23.13,0.8,0,3.3,0.74,37.58,0.17
Tajik_Herat,30.91,4.43,0.13,0.10,5.19,11.91,11.88,0.53,7.74,4.67,22.28,0.22
Tajik_Kabul,33.15,3.36,0.07,0.62,3.55,12.61,18.75,0.06,3.38,5.77,18.49,0.19
Tajik_Lowland,28.96,6.32,0.16,1,5.08,20,7.93,0.03,3.05,6.04,21.4,0.02
Tajik_Mountain,27.46,6.64,0.09,1.26,5.91,18.49,7.3,0.16,3.66,8.08,20.93,0.03
Tajik_Panjshir&Kapisa,38.25,2.34,0.00,1.01,2.25,13.91,18.56,0.00,2.77,1.36,19.30,0.26
Talysh_Azerbaijan,25.5,1.24,0.71,0.32,6.32,7.18,3.21,0.14,12.17,1.2,41.97,0.02
Tamil_Nadu_Scheduled_Caste,33.33,0.00,0.00,1.40,0.00,0.00,61.66,0.00,2.00,0.20,1.40,0.00
Tat_Azerbaijan,22.77,2.20,0.47,0.57,6.50,12.60,2.67,0.20,10.89,1.28,39.44,0
Tatar_Kazan,8.40,13.40,0.20,0.53,14.50,42.26,1.32,0.02,0.99,7.17,11.19,0.02
Tatar_Lipka,9.16,10.71,0.13,1.71,14.76,31.86,1.03,0,2.18,12.9,15.43,0.12
Tatar_Mishar,7.27,10.26,0.09,0.77,16.63,46.10,1.48,0.00,1.47,5.15,10.77,0.03
Tatar_Siberia,9.49,26.48,0.18,1.51,6.07,27.55,2.06,0.07,0.87,18.14,7.58,0.01
Tatar_Zabolotniye,10.68,36.15,0.01,0.89,3.37,31.84,1.39,0.19,0.00,13.15,2.32,0.00
Thai,3.49,1.38,0.07,57.25,0.68,0.73,12.36,0.15,0.45,22.17,1.18,0.10
Tharus,32.17,0.30,0.00,1.60,0.40,5.00,56.24,0.00,0.00,1.00,3.30,0.00
Tibetan,1.25,10.98,0,16.36,0.07,0.55,6.56,0.16,0.21,63.59,0.13,0.14
Todzin_Tuva,2.53,61.11,0,0.92,0.46,6.92,1.72,0,0.32,26.01,0,0
Tofalar,2.33,64.08,0,0.48,0.07,5.86,0.83,0.13,0.59,25.55,0.07,0
Tu,3.00,8.11,0.00,17.62,0.40,1.10,1.90,0.00,0.00,66.47,1.40,0.00
Tubalar,12.56,30.24,0.51,1.72,3.73,21.50,1.91,0.05,0.00,25.46,2.19,0.13
Tujia,0.00,0.00,0.00,41.80,0.00,0.00,0.00,0.00,0.00,58.20,0.00,0.00
Turk_Ahıska,19.14,0.54,0.45,0.36,8.14,7.90,0.85,0.03,10.34,0.48,51.66,0.04
Turk_Central_Black_Sea,14.81,5.86,0.58,0.81,11.54,9.37,1.09,0.12,10.34,5.63,39.78,0.02
Turk_Central_East,15.68,3.8,0.89,0.55,12.23,9.33,1.45,0.16,11.66,3.91,40.18,0.08
Turk_Central_West,14.48,4.37,0.96,0.53,13.53,10.75,1.35,0.16,11.57,4.52,37.65,0.08
Turk_Cyprus,8.76,0.58,3.06,0.28,18.92,7.35,0.47,1.77,15.8,1.12,40.51,1.23
Turk_Deliorman,8.07,3.08,0.62,0.69,21.58,28.74,0.94,0.07,7.05,2.60,26.53,0.06
Turk_East,18.08,1.73,0.78,0.60,10.65,7.55,1.17,0.08,12.17,1.35,45.75,0.04
Turk_East_Black_Sea,15.19,0.80,0.39,0.13,11.01,5.28,0.30,0,11.25,1.17,54.42,0
Turk_Makedonya,6.76,1.79,1.02,0.50,24.44,26.63,0.53,0.26,8.13,1.01,28.81,0.11
Turk_Northwest,12.88,6.48,1.14,0.79,14.39,14.21,1.13,0.17,9.59,5.55,33.5,0.11
Turk_South,15.42,5.44,1.11,0.51,11.29,10.08,1.6,0.28,11.37,5.1,37.52,0.23
Turk_Southeast,18.06,3.07,0.72,0.29,10.83,8.49,2.18,0.88,13.65,3.48,38.12,0.16
Turk_Southwest,13.7,6.04,1.17,0.56,13.69,12.02,1.33,0.34,10.1,5.8,35.08,0.09
Turk_Trakya,8.48,3.85,1.04,0.37,21.03,25.64,0.86,0.08,7.83,3.00,27.75,0.03
Turk_West_Black_Sea,13.21,4.61,0.72,0.81,14.4,12.92,1.24,0.06,10.47,4.49,36.98,0.03
Turkmen_Afghanistan,16.85,18.03,0.20,0.44,5.52,16.12,4.35,0.19,2.13,18.83,17.29,0.07
Turkmen_Iran,21.19,9.46,0.54,1.15,5.45,12.76,4.94,0.22,6.77,11.03,26.38,0.12
Turkmen_Iraq,21.88,1.97,1.20,0.49,7.52,5.40,4.10,0.79,16.48,1.12,38.44,0.59
Turkmen_Turkmenistan,18.89,12.89,0.45,1.27,6.30,13.64,5.31,0.52,5.04,13.89,21.66,0.13
Turkmen_Uzbekistan,19.54,13.24,0.18,2.04,6.54,12.86,5.08,0.05,6.49,13.96,19.93,0.07
Tuvan,5.18,48.17,0.09,1.53,0.70,9.03,0.66,0.03,0.37,33.58,0.63,0.05
Udi_Azerbaijan,21.35,0.53,0.31,0.23,9.44,8.73,0.79,0.2,11.62,0.4,46.24,0.16
Udmurt,12.30,21.46,0,0,10.27,45.43,1.91,0,0,3.81,4.83,0
Ukrainian,3.75,1.29,0.31,0.51,22.43,55.65,0.56,0.08,2.08,0.18,13.01,0.16
Ukrainian_Southwest,3.54,1.33,0.84,0.29,25.25,48.59,0.53,0.12,2.53,0.28,16.68,0.04
Ulchi,0.05,43.23,0.03,1.24,0.02,0.13,0.43,0.06,0,54.67,0.04,0.09
Uttar_Pradesh_Scheduled_Caste,31.90,0.00,0.00,0.50,0.40,3.20,62.50,0.00,0.00,1.50,0.00,0.00
Uyghur_Xinjiang,16.21,13.89,0.06,6.24,4.61,12.84,5.14,0.29,1.61,27.62,11.12,0.38
Uzbek,18.46,13.20,0.06,2.86,5.56,16.43,5.53,0.03,2.93,18.46,16.46,0.03
Uzbeki,17.43,15.85,0.17,1.57,3.87,15.77,5.24,0.11,2.45,20.86,16.65,0.03
Velamas,38.20,0.00,0.00,0.30,0.00,0.00,58.70,0.00,0.50,0.70,1.60,0.00
Veps,2.61,9.37,0.37,0.14,17.01,62.91,1.05,0.10,1.15,1.08,4.22,0.00
Vietnamese,0.13,0.32,0.03,62.54,0.07,0.28,2.84,0,0.07,33.44,0.24,0.04
Yaghnobi_Tajikistan,30.81,3.92,0,0.44,7.54,22.11,5.62,0,4.15,2.22,23.18,0
Yazidi,26.02,0.82,1.41,0.57,8.32,6.31,2.78,0.76,13.85,0.56,38.55,0.06
Yemenite_Mahra,1.62,0.14,5.83,0.66,7.22,0,0.59,4.87,49.81,0.17,29.62,0
Yemenite_mixed,5.38,0.01,4.27,1.28,5.29,0.58,2.55,11.24,33.87,1.2,21.73,12.6
Yizu,0.00,4.30,0.00,28.23,0.00,0.00,3.00,0.00,0.00,64.46,0.00,0.00
Yoruba,0.00,0.00,0.00,0.00,0.00,0.00,0.00,0.00,0.00,0.00,0.00,100.00
Yukagir_Tundra,0.54,68.96,0.06,0.29,0.02,3.30,0.72,0.01,0,26.06,0,0.04
Zaza/Kurd_Turkey,23.89,0.95,0.65,0.24,8.58,7.08,2.11,0.18,13.63,0.68,41.98,0.02
Zhuang,0,0.2,0,69.97,0.07,0.04,0.31,0,0,29.55,0,0</div>

    </div>
</body>
</html>