<!DOCTYPE html>
<html lang="en">
<head>
    <meta charset="UTF-8">
    <meta name="viewport" content="width=device-width, initial-scale=1.0">
    <title>Eurogenes K15 averages</title>
    <link rel="stylesheet" href="style2.css">
    <script defer src="script.js"></script>
</head>
<body>
    <div id="link"><a href="index.html">Go back to the main page</a></div>
    <div id="button-div"><button id="button">Copy all</button><div id="textBox"></div></div>
    <div id="container">
<div id="content">Abhkasian,3.11,3.01,3.08,2.89,4.25,57.83,18.64,2.36,2.62,0.73,0.81,0.27,0.24,0.11,0.06
Adygei,5.33,5.84,6.82,7.85,2.64,48.75,13.72,2.27,3.01,0.86,2.01,0.64,0.09,0.11,0.05
Afghan_Hazara,5.42,3.05,2.36,8.32,0.19,18.67,6.07,0.73,14.86,17.41,20.23,2.08,0.24,0.08,0.30
Afghan_Pashtun,7.21,2.94,2.58,12.28,0.00,32.65,8.30,0.49,27.30,1.04,3.12,1.19,0.31,0.05,0.53
Afghan_Tadjik,6.69,0.81,2.21,10.13,1.16,27.53,11.07,0.65,20.18,6.95,10.32,1.35,0.12,0.28,0.54
Afghan_Turkmen,5.96,3.18,4.34,12.09,1.54,18.62,8.30,0.19,8.87,10.33,23.88,1.28,0.61,0.21,0.60
Afghan_Uzbeki,5.64,1.41,3.12,10.13,0.44,26.13,11.81,1.45,20.86,7.11,10.35,0.75,0.35,0.21,0.25
Afrikaner,31.52,25.57,11.04,7.98,10.15,3.79,3.19,0.70,2.04,0.69,0.21,0.36,0.41,0.49,1.79
Albanian-Kosovo,14.93,15.66,11.94,6.23,18.27,10.32,19.43,2.54,0.09,0.30,0.04,0.04,0.21,0.00,0.00
Albanian-Macedonia,11.79,17.19,12.38,6.66,16.85,10.32,20.82,3.28,0.04,0.38,0.11,0.03,0.17,0.00,0.00
Albanian-North,14.45,14.29,11.27,5.18,18.11,11.91,21.57,2.68,0.00,0.03,0.05,0.15,0.24,0.07,0.00
Albanian-South,13.63,14.55,9.85,5.47,17.69,11.03,23.38,3.51,0.00,0.25,0.09,0.34,0.16,0.00,0.04
Algerian,4.18,8.75,0.98,0.51,21.32,0.93,25.13,15.47,0.20,0.24,0.04,0.12,0.18,11.84,10.12
Algerian_Jewish,5.28,12.72,2.56,1.35,18.76,10.72,34.79,8.15,0.53,0.36,0.21,0.00,0.37,2.39,1.81
Altaian,2.97,1.94,2.03,10.94,0.52,4.57,0.56,0.34,3.20,21.66,47.49,3.09,0.46,0.05,0.18
Anzick-1,0.02,0.01,0.03,2.60,0.54,0.00,0.00,0.01,0.04,1.27,4.03,90.98,0.47,0.00,0.00
Armenian_West,2.77,2.49,1.74,3.3,9.67,35.84,35.69,5.68,2.26,0.07,0.11,0.19,0.17,0,0.02
Armenian_East,3.4,4.09,1.87,2.77,7.23,38.5,32.99,5.85,2.92,0,0.1,0.08,0.12,0.03,0.05
Azerbaijani,3.47,3.54,2,6.28,4.04,33.46,28.85,4.88,7.37,1.71,2.96,0.62,0.13,0.55,0.14
Azeri_Dagestan,6.51,3.91,4.23,10.29,1.36,40.84,21.57,1.4,6.51,0.56,1.57,0.95,0.03,0.07,0.2
Azerbaijani_Iran,3.61,2.35,2.26,6.40,4.39,32.91,28.60,4.52,8.17,2.27,2.95,0.69,0.16,0.32,0.34
Ashkenazi,9.89,10.70,6.74,5.17,14.82,13.05,26.61,8.07,1.20,0.60,0.58,0.32,0.24,1.63,0.39
Assyrian,2.07,2.56,1.17,2.33,8.03,30.86,40.41,8.76,3.07,0.08,0.03,0.07,0.16,0.36,0.03
Austrian,20.59,23.17,18.31,13.24,8.86,6.16,7.21,1.25,0.73,0.03,0.12,0.04,0.13,0.11,0.04
Austria-Burgenland,27.63,20.42,15.58,12.08,9.89,5.91,5.45,0.69,0.63,0.01,0.05,0.86,0.34,0.27,0.19
Austria-Tyrol,25.37,22.36,10.49,8.78,13.81,8.06,8.11,1.89,0.10,0.17,0.28,0.28,0.16,0.10,0.06
Austroasiatic_Ho,0.01,0.01,0.01,0.01,0.02,0.00,0.00,0.01,68.94,25.12,0.61,0.19,4.26,0.36,0.45
Balkar,5.21,5.55,6.31,7.52,4.29,46.93,10.93,1.38,2.66,2.69,4.98,0.86,0.39,0.14,0.16
Balochi,2.99,1.37,1.23,10.31,0.18,34.33,14.62,1.86,31.78,0.00,0.09,0.36,0.02,0.23,0.63
Bangladeshi,1.79,1.86,1.37,6.22,0.70,11.94,1.13,0.50,60.79,8.83,2.20,0.72,1.56,0.10,0.30
Bantu_N.E.,0.06,0.06,0.07,0.08,0.08,0.09,0.15,0.34,0.14,0.22,0.13,0.17,0.12,23.89,74.40
Bantu_S.E.,0.02,0.02,0.01,0.03,0.01,0.03,0.02,0.03,0.06,0.07,0.06,0.03,0.09,13.60,85.92
Bantu_S.W.,0.03,0.04,0.03,0.03,0.03,0.04,0.04,0.06,0.06,0.06,0.06,0.04,0.14,11.83,87.51
Bedouin,1.51,2.90,1.66,1.20,7.74,13.01,38.46,21.03,1.61,0.20,0.41,0.28,0.23,6.95,2.82
Belgian,32.74,25.87,10.27,7.96,11.70,4.23,4.35,0.92,0.78,0.08,0.03,0.31,0.21,0.37,0.11
Belorussian,19.33,17.63,32.02,21.25,3.39,2.48,1.80,0.89,0.48,0.08,0.21,0.10,0.17,0.10,0.06
Biaka_Pygmy,0.00,0.00,0.00,0.00,0.00,0.00,0.00,0.00,0.01,0.01,0.01,0.01,0.08,18.63,81.25
Bosnian,17.72,14.90,20.50,13.18,11.12,8.05,10.79,1.45,1.45,0.27,0.07,0.16,0.20,0.02,0.04
Bosniak,16.68,16.19,21.25,13.20,11.12,8.39,10.75,1.07,0.59,0.29,0.09,0.19,0.08,0.08,0.05
Brahmin_UP,4.96,4.47,2.91,8.83,0.38,15.62,0.90,0.18,58.12,0.56,0.54,1.54,0.61,0.17,0.21
Brahui,2.47,0.65,0.77,9.27,0.06,34.45,15.33,1.97,32.42,0.04,0.26,0.42,0.15,0.60,1.13
British_Ulster,37.47,28.83,9.02,9.03,8.23,4.67,0.64,0.32,0.80,0.04,0.07,0.40,0.28,0.07,0.05
Bulgarian,14.40,14.28,16.61,9.81,13.50,10.73,17.01,2.37,0.23,0.09,0.19,0.39,0.32,0.06,0.01
Bulgarian_Thracian,7.44,15.78,16.37,6.07,14.41,11.92,22.38,2.27,2.17,0.67,0.28,0.00,0.25,0.00,0.00
Burusho,2.29,0.70,1.31,14.77,0.04,27.77,1.04,0.09,39.24,4.45,5.40,2.04,0.27,0.19,0.40
Buryat,0.66,0.85,0.98,2.99,0.91,3.22,1.14,0.87,1.25,27.19,57.88,1.54,0.31,0.15,0.06
Cambodian,0.23,0.29,0.53,0.28,0.36,0.29,0.29,0.29,14.32,77.57,1.08,0.43,3.17,0.48,0.39
Central_Greek,10.06,13.12,7.23,3.39,17.29,15.74,26.95,5.24,0.16,0.21,0.04,0.12,0.43,0.02,0.00
Chamar,0.82,1.40,1.50,1.90,0.89,5.39,0.74,0.75,80.17,1.82,1.53,1.17,1.35,0.37,0.20
Chechen,9.62,5.63,6.53,10.7,0.39,47.61,9.97,1.08,4.17,0.73,1.26,1.15,0.81,0.22,0.13
Chenchu,0.88,1.05,1.05,0.63,1.55,7.33,1.23,0.60,74.08,6.26,1.93,0.85,1.78,0.42,0.35
Chukchi,0.08,0.04,0.07,4.43,0.00,0.03,0.00,0.00,1.07,9.50,59.87,24.26,0.62,0.00,0.02
Chuvash,13.39,5.79,13.51,36.15,0.88,3.35,0.88,0.53,1.97,2.49,17.74,2.43,0.44,0.19,0.26
Croatian,18.41,17.52,22.74,15.17,10.17,6.69,6.25,1.29,0.72,0.02,0.02,0.44,0.24,0.16,0.16
Croat_Bosnia,23.3725,13.59,19.285,13.4,11.875,6.17,8.49,1.4025,1.87,0,0.31,0.17,0.03,0,0.035
Kaykavian_Croatian,21.74,20.11,20.79,14.68,8.12,6.47,5.05,0.84,0.67,0.30,0.00,0.87,0.29,0.09,0.00
Cypriot,1.62,5.28,3.93,0.33,17.7,20.13,45.02,5.01,0.06,0.08,0.09,0.01,0.29,0.31,0.14
Czech,23.49,20.03,22.22,13.99,9.20,4.59,3.88,1.05,0.53,0.08,0.09,0.37,0.20,0.11,0.14
Dai,0.17,0.17,0.29,0.29,0.12,0.20,0.15,0.07,2.70,91.41,2.02,0.57,1.47,0.17,0.20
Danish,39.23,25.55,13.14,10.31,5.77,2.83,0.81,0.31,0.76,0.18,0.01,0.59,0.17,0.18,0.14
Dharkar,2.00,2.29,2.57,3.97,1.03,11.97,1.37,0.26,68.92,1.61,1.55,0.87,0.78,0.57,0.24
Dolgan,2.07,0.84,3.13,3.92,0.56,0.57,0.22,0.21,1.65,9.47,74.92,1.43,0.40,0.38,0.22
Dusadh,1.44,0.68,0.87,2.13,1.25,9.12,2.16,1.06,74.95,2.78,0.60,0.59,1.54,0.31,0.52
Dutch,37.11,25.92,10.86,9.16,8.52,3.21,1.91,0.80,0.67,0.25,0.28,0.44,0.31,0.21,0.26
Dutch_Central,37.25,26.54,10.93,9.17,7.73,3.14,1.77,0.92,0.65,0.30,0.25,0.49,0.35,0.20,0.23
Dutch_North,40.33,24.45,10.84,9.65,7.80,2.60,1.12,0.41,0.68,0.21,0.36,0.45,0.37,0.24,0.42
Dutch_South,33.70,25.72,10.46,8.51,11.25,3.66,3.23,1.09,0.68,0.26,0.32,0.38,0.20,0.26,0.22
East_Greenlander,0.18,0.02,0.12,4.19,0.00,0.04,0.01,0.02,1.46,8.57,43.23,41.76,0.33,0.02,0.05
Egyptian,0.90,3.78,0.69,0.28,9.89,7.14,39.22,18.38,0.24,0.13,0.20,0.06,0.16,12.85,6.09
English,36.01,28.18,10.15,8.76,9.51,3.69,1.38,0.49,0.73,0.06,0.10,0.32,0.24,0.16,0.11
English_Midlands,36.12,27.75,10.07,8.86,9.57,3.79,1.45,0.49,0.71,0.05,0.08,0.28,0.23,0.20,0.13
English_North,36.51,28.48,10.29,8.89,9.09,3.58,1.00,0.42,0.64,0.04,0.10,0.33,0.24,0.17,0.11
English_Southeast,35.29,27.87,10.31,8.60,9.69,3.98,1.82,0.54,0.77,0.08,0.12,0.34,0.25,0.16,0.09
English_Southwest,36.09,28.52,9.72,8.69,10.25,3.20,1.19,0.45,0.80,0.06,0.06,0.38,0.27,0.12,0.11
Erzya,16.81,10.25,27.66,29.07,2.72,3.63,1.14,0.34,1.23,0.51,5.13,1.22,0.03,0.13,0.13
Estonian,26.23,16.33,30.12,20.68,1.83,0.56,0.01,0.00,0.53,0.02,2.13,1.09,0.46,0.00,0.00
Ethiopian_Amhara,0.08,0.51,0.09,0.04,1.27,0.34,18.47,24.18,0.08,0.11,0.03,0.11,0.16,50.19,4.33
Ethiopian_Anuak,0.00,0.00,0.00,0.00,0.00,0.00,0.00,0.00,0.01,0.02,0.01,0.00,0.02,53.49,46.45
Ethiopian_Ari_cultivator,0.44,0.32,0.32,0.40,0.37,1.19,0.72,5.18,1.30,0.33,0.40,0.23,0.40,78.17,10.23
Ethiopian_Gumuz,0.00,0.00,0.00,0.00,0.00,0.00,0.00,0.01,0.10,0.14,0.09,0.04,0.18,67.39,32.05
Ethiopian_Oromo,0.08,0.32,0.15,0.04,1.21,0.34,12.56,18.22,0.10,0.58,0.02,0.07,0.12,58.21,7.98
Ethiopian_Tigray,0.09,0.49,0.15,0.04,2.25,0.24,20.45,24.26,0.03,0.01,0.02,0.01,0.21,48.97,2.79
Ethiopian_Wolayta,0.40,0.65,0.13,0.11,0.88,0.44,9.49,16.73,0.27,0.39,0.25,0.18,0.16,62.80,7.12
Evenki,0.43,0.65,1.79,1.46,0.29,0.45,0.29,0.27,0.75,12.14,78.75,1.46,1.00,0.13,0.14
Evens,0.66,0.45,0.65,1.00,0.66,0.53,0.41,0.32,0.72,10.43,80.67,2.50,0.65,0.23,0.12
Finnish,29.36,17.42,21.95,18.78,2.49,1.06,0.36,0.14,0.57,0.90,5.30,0.91,0.52,0.14,0.10
Finnish_East,25.20,15.64,21.87,23.75,2.22,0.76,0.19,0.20,1.02,0.66,7.08,0.73,0.56,0.03,0.08
Finnish_Southwest,29.33,21.56,20.50,17.93,3.52,1.00,0.45,0.18,0.48,0.14,3.66,1.01,0.18,0.04,0.03
French_Central,27.38,27.39,8.88,6.00,16.19,3.96,6.85,1.54,0.33,0.16,0.21,0.29,0.25,0.37,0.19
French_Alsace,28.49,24.36,12.31,7.12,12.76,5.91,6.23,1.50,0.20,0.31,0.14,0.20,0.14,0.13,0.19
French_Brittany,33.63,28.77,9.43,8.78,10.92,3.51,2.23,0.79,0.81,0.15,0.14,0.39,0.18,0.15,0.12
French_North-East,30.06,25.90,9.94,7.14,13.16,4.86,5.19,1.51,0.65,0.21,0.22,0.33,0.20,0.26,0.38
French_South,23.44,30.07,6.86,5.00,20.86,2.32,7.92,1.58,0.42,0.08,0.14,0.41,0.38,0.36,0.15
French_Provence_outlier,21.75,23.86,7.06,4.44,18.01,6.15,14.55,2.44,0.32,0.13,0.18,0.25,0.24,0.47,0.16
French_Southwest,20.30,39.32,4.81,2.49,24.29,0.77,4.44,1.91,0.45,0.30,0.23,0.20,0.21,0.17,0.13
French_Basque,16.85,45.40,4.79,2.82,25.04,0.83,2.74,0.73,0.13,0.28,0.04,0.03,0.10,0.17,0.04
France_Corsica,13.78,21.54,5.02,1.26,24.13,8.14,22.27,3.14,0.01,0.27,0.07,0.04,0.26,0.06,0.01
Gagauz,13.85,12.01,15.31,9.84,13.82,12.36,18.58,2.86,0.29,0.13,0.19,0.24,0.47,0.04,0.00
German_Bavarian,28.38,26.11,11.62,8.33,11.51,6.15,6.01,0.76,0.10,0.21,0.10,0.23,0.30,0.13,0.05
German_East,26.64,21.71,18.07,13.28,10.36,5.16,2.80,1.02,0.57,0.02,0.05,0.15,0.02,0.09,0.04
German_North,33.08,27.46,13.41,9.95,6.11,5.24,2.50,0.70,0.83,0.02,0.08,0.22,0.14,0.19,0.08
German_West,34.00,21.84,10.46,8.06,11.13,5.00,6.33,1.02,0.73,0.11,0.18,0.35,0.36,0.31,0.12
Georgian,4.68,3.90,3.69,3.27,4.64,53.84,19.63,3.24,2.12,0.16,0.23,0.34,0.08,0.13,0.05
Georgian_Jew,2.49,2.62,1.11,2.93,6.89,32,38.44,8.3,4.32,0.2,0.05,0.17,0.11,0.32,0.05
Georgian_Laz,1.62,4.63,1.86,1.49,8.34,46.69,29.92,3.4,1.44,0.21,0.03,0.1,0.08,0.06,0.13
Greek,8.81,15.49,11.70,6.91,17.16,12.72,23.47,2.73,0.41,0.05,0.01,0.03,0.36,0.11,0.02
Greek_Thessaly,14.00,11.56,11.50,5.16,17.47,12.02,22.23,4.01,1.20,0.03,0.08,0.42,0.22,0.08,0.01
Greek_Trabzon,2.8,3.56,2.23,2.09,10.93,38.24,34.72,4.05,0.87,0.08,0.19,0.04,0.17,0,0.03
Greek_Macedonia,10.84,12.23,13.42,6.97,15.06,14.45,22.65,3.18,0.18,0.16,0.27,0,0.36,0.17,0
Greek_Peloponese,10.21,14.68,10.57,5.87,15.37,13.35,23.97,3.76,1.17,0.21,0.16,0.10,0.35,0.15,0
Greek_Crete,8.69,10.84,7.57,3.47,16.52,16.62,30.27,4.78,0.01,0.10,0.18,0.14,0.51,0.24,0.06
Gujarati,4.70,1.61,2.04,8.13,0.23,18.18,1.61,0.28,60.87,0.43,0.90,0.31,0.37,0.12,0.22
Hadza,0.09,0.06,0.09,0.10,0.02,0.10,0.04,0.09,1.18,0.20,0.26,0.22,0.62,62.24,34.69
Hakas,4.41,1.05,2.04,18.58,0.30,5.06,0.16,0.12,3.45,17.21,43.45,3.67,0.19,0.15,0.16
Hazara,2.66,2.06,3.26,8.51,0.65,17.69,3.90,0.75,13.54,20.75,23.51,1.95,0.39,0.21,0.16
Hezhen,0.08,0.14,0.07,0.22,0.10,0.18,0.11,0.15,0.61,55.91,39.88,1.84,0.55,0.09,0.07
Hungarian,24.08,17.29,20.04,12.73,9.49,5.87,7.04,1.23,0.72,0.13,0.38,0.68,0.08,0.21,0.04
Icelandic,38.88,27.65,11.62,9.81,5.72,3.86,0.14,0.36,0.54,0.08,0.44,0.56,0.06,0.10,0.08
Iranian_Bandari,1.78,1.31,1.4,8.3,0.18,32.18,20.9,3.91,22.34,0,0,0.38,0.18,1.86,5.28
Iranian_Jew,0.39,2.21,1.06,1.88,3.66,27.85,49.01,8.04,4.66,0.14,0.27,0.08,0.16,0.48,0.11
Iranian_Lur,0.66,1.38,2,7.03,2.65,34.5,32.28,6.67,10.46,0.12,0.92,0.29,0.17,0.15,0.72
Iranian_Mazandarani,1.18,1.09,0.56,9.32,0.59,37.46,31.63,3.66,11.57,0.04,0.97,0.49,0.37,0.36,0.71
Iranian_Persian,4.07,0.35,1.22,7.61,1.15,33.42,29.19,6.35,12.55,0.47,0.82,0.84,0.44,0.42,1.1
Iraqi_Jew,0.42,1.04,0.33,0.96,3.55,26.66,55.6,8.19,2.6,0.11,0,0.08,0.25,0.21,0
Irish,36.98,30.43,9.52,8.77,7.65,4.21,0.15,0.24,0.97,0.07,0.11,0.53,0.15,0.07,0.07
Irish_Connacht,37.57,30.18,9.18,9.34,7.35,3.93,0.14,0.11,1.09,0.03,0.10,0.62,0.11,0.10,0.08
Irish_Leinster,36.39,30.24,9.49,8.94,8.08,4.34,0.30,0.40,0.75,0.16,0.00,0.44,0.18,0.11,0.10
Irish_Munster,37.02,30.48,9.63,8.51,7.64,4.38,0.16,0.18,0.90,0.05,0.14,0.50,0.16,0.07,0.10
Irish_Ulster,36.93,30.83,9.29,8.56,7.61,4.34,0.04,0.29,1.07,0.05,0.17,0.54,0.13,0.04,0.04
Italy_Aostavalley,26.62,25.03,7.48,4.39,17.71,6.75,9.38,1.80,0.00,0.02,0.17,0.19,0.14,0.15,0.16
Italy_Piedmont,21.38,25.13,7.86,4.01,19.32,6.70,12.69,2.19,0.11,0.01,0.06,0.12,0.24,0.13,0.03
Italy_Trentino,21.92,21.72,11.28,5.55,18.46,5.83,13.09,1.32,0.00,0.03,0.11,0.16,0.47,0.06,0.00
Italy_Abruzzo,11.25,15.03,6.36,2.91,16.39,15.65,26.38,5.48,0.00,0.08,0.00,0.00,0.23,0.17,0.07
Italy_Apulia,9.50,14.93,6.66,2.94,17.44,14.90,27.24,4.99,0.03,0.05,0.00,0.18,0.58,0.55,0.01
Italy_Calabria,8.07,12.92,4.55,1.98,17.48,15.12,31.66,6.46,0.13,0.11,0.04,0.09,0.36,0.97,0.07
Italy_Campania,8.83,15.10,5.33,2.06,18.31,14.96,29.68,5.57,0.12,0.14,0.04,0.06,0.13,0.56,0.08
Italy_Central_Sicily,8.94,14.64,4.78,1.31,17.60,14.12,29.14,6.68,0.05,0.15,0.03,0.14,0.20,1.84,0.36
Italy_East_Sicily,8.07,12.81,4.41,1.82,18.07,15.44,30.59,6.26,0.22,0.18,0.13,0.07,0.23,1.20,0.48
Italy_West_Sicily,9.37,13.38,4.79,1.71,18.12,13.93,30.01,5.89,0.32,0.25,0.05,0.16,0.21,0.98,0.85
Italy_Emiliaromagna,17.94,19.13,7.04,3.17,20.08,8.91,19.65,3.29,0.03,0.12,0.00,0.04,0.29,0.15,0.02
Italy_Friuli,19.00,21.50,10.42,6.03,17.50,7.38,14.76,2.41,0.28,0.15,0.02,0.34,0.06,0.13,0.00
Italy_Lazio,15.18,17.36,7.06,2.43,19.99,9.92,23.83,3.74,0.07,0.14,0.03,0.10,0.03,0.05,0.09
Italy_Liguria,18.23,21.71,6.84,3.24,20.21,7.98,17.82,3.03,0.11,0.17,0.07,0.23,0.24,0.03,0.08
Italy_Lombardy,21.50,22.45,6.34,2.73,20.71,6.38,16.91,2.27,0.11,0.21,0.08,0.06,0.16,0.07,0.00
Italy_Marche,15.34,17.26,5.97,2.22,19.56,11.73,22.54,4.32,0.21,0.10,0.00,0.37,0.10,0.27,0.07
Italy_Tuscany,17.25,20.05,6.52,2.79,20.41,9.07,19.20,3.54,0.57,0.25,0.02,0.06,0.14,0.08,0.02
Italy_Veneto,21.07,21.37,8.50,5.45,18.65,7.15,14.69,2.42,0.14,0.18,0.05,0.08,0.15,0.09,0.00
Italian_Jewish,8.10,12.62,2.23,1.13,17.84,12.08,33.85,8.25,0.07,0.65,0.21,0.08,0.75,2.14,0.01
Sicily_Palermo,9.2,14.08,4.66,1.91,18.3,14.52,28.64,5.94,0.23,0.22,0.05,0.12,0.24,1.16,0.73
Sicily_Ragusa,11.12,12.93,4.73,2.63,17.95,13.97,27.54,6.07,0.21,0.04,0.37,0.07,0.17,1.19,1.02
Sicily_Syracuse,11,15.57,4.67,2.10,18.30,13.89,27.23,4.66,0.16,0.31,0.18,0,0.23,0.95,0.75
Sicily_Enna,7.39,16.93,4.77,1.83,18.16,12.71,29.27,6.38,0.3,0.15,0.02,0,0.39,1.10,0.59
Sicily_Caltanisetta,9.17,14.82,4.89,1.43,18.03,14.07,28.22,6.64,0.12,0.12,0.15,0.08,0.37,1.51,0.38
Sicily_Trapani,11.70,14.05,4.75,1.88,18.94,13.03,27.77,5.58,0.30,0.25,0.09,0.03,0.11,1.09,0.39
Sicily_Messina,8.21,12.78,4.16,1.84,18.56,14.77,30.57,6.29,0.14,0.15,0.11,0.05,0.30,1.39,0.28
Sicily_Catania,8.42,14.04,4.03,1.89,18.05,14.97,30.16,5.57,0.26,0.26,0.03,0.15,0.23,1.42,0.49
Sicily_Agrigento,9.18,13.12,5.12,1.76,18.22,13.22,30.11,5.65,0.81,0.04,0.15,0.24,0.21,1.32,0.85
Japanese,0.06,0.05,0.06,0.11,0.06,0.07,0.08,0.07,0.78,66.69,28.55,1.82,0.95,0.30,0.35
Jordanian,1.68,1.98,1.55,1.91,5.74,12.16,51.35,13.85,1.42,0.54,0.46,0.12,0.3,4.54,2.4
Kabardin,5.55,6.25,7.36,8.61,2.96,46.11,11.08,1.66,2.91,1.7,4.77,0.6,0.1,0,0.34
Kalash,5.71,1.38,2.72,14.53,0.04,33.74,2.38,0.06,36.92,0.07,0.52,1.49,0.11,0.07,0.25
Kanjar,1.51,2.51,2.44,6.06,0.26,11.47,0.63,0.17,70.46,1.57,0.69,0.67,0.91,0.40,0.25
Kargopol_Russian,18.59,13.89,25.58,26.79,2.93,2.39,0.74,0.11,1.71,0.36,4.92,1.39,0.17,0.24,0.18
Karitiana,0.01,0.00,0.01,0.01,0.00,0.01,0.00,0.00,0.03,0.20,0.17,99.55,0.01,0.00,0.00
Kazakh,7.77,2.66,5.04,10.54,0.88,10,2.34,0.34,3.77,19.94,35.2,2.14,0.16,0,0.06
Karakalpak,5.72,4.0,4.75,10.64,1.32,12.39,3.37,0.92,5.04,19.65,29.45,1.72,0.64,0.14,0.18
Ket,2.39,0.71,2.28,23.59,0.00,0.33,0.00,0.00,3.21,3.81,56.02,7.36,0.30,0.00,0.00
Kol,3.17,1.19,1.32,3.70,1.58,8.82,0.92,0.23,74.04,1.89,1.00,0.97,0.59,0.37,0.21
Koryak,0.15,0.07,0.18,4.37,0.00,0.06,0.00,0.01,0.93,11.27,65.59,17.10,0.22,0.02,0.03
Kosovo_Albanian,12.95,17.17,12.59,5.74,16.28,12.44,19.54,2.46,0.27,0.10,0.12,0.14,0.13,0,0
Kshatriya,3.02,2.65,2.66,7.85,0.34,16.40,1.36,0.21,61.61,0.60,0.94,1.20,0.59,0.31,0.27
Kumyk,8.63,5.88,4.52,11.73,1.29,44.23,12.43,0.73,3.13,1.36,4.85,0.73,0.24,0.2,0.05
Kurd,4.15,1.47,0.55,7.07,1.72,38.5,34.1,3.68,6.92,0.18,0.57,0.43,0.16,0.18,0.34
Kurdish_Jew,1.31,0.63,0.02,2.92,6.98,27.83,45.09,10.52,3.66,0.32,0.1,0.05,0.2,0.37,0
Kurumba,0.93,0.87,0.59,1.50,0.79,12.28,2.19,0.75,74.28,1.51,1.53,0.37,1.49,0.53,0.39
Lahu,0.11,0.25,0.13,0.24,0.17,0.10,0.16,0.14,3.75,82.78,9.22,0.83,1.50,0.41,0.21
Latvian,20.76,14.11,37.73,23.96,1.73,0.18,0,0.2,0.19,0.00,0.27,0.41,0.16,0.21,0.05
Lebanese_Christian,1.21,4.18,1.26,0.63,11.53,21.37,46.73,10.66,0.7,0.24,0,0.03,0.26,1.2,0
Lebanese_Druze,3.47,3.98,1.43,1.52,7.87,19.12,50.08,9.23,1.53,0.21,0.23,0.04,0.35,0.71,0.23
Lebanese_Muslim,2.43,5.62,2.09,1.22,9.76,22.26,39.85,10.71,2.10,0.12,0.09,0.04,0.54,2.33,0.83
Lezgin,11.38,3.29,5.12,13.52,0,44.7,13.37,0.78,5.88,0.11,0.55,0.91,0.16,0.05,0.18
Libyan_Jewish,8.07,6.36,0.95,0.20,16.55,10.89,37.89,10.89,0.60,0.01,0.00,0.33,0.49,5.95,0.83
Lithuanian,20.15,15.72,36.36,21.18,2.50,1.63,0.61,0.34,0.61,0.06,0.13,0.36,0.19,0.11,0.06
Luhya,0.03,0.03,0.03,0.03,0.03,0.03,0.03,0.09,0.08,0.10,0.05,0.03,0.17,23.69,75.58
Maasai,0.23,0.27,0.14,0.15,0.51,0.34,0.80,8.85,0.11,0.09,0.09,0.05,0.42,54.47,33.48
Macedonian,15.41,15.55,16.28,10.42,13.62,9.88,16.06,2.00,0.21,0.12,0.01,0.15,0.22,0.00,0.02
Macedonian_2,14.32,14.52,13.71,9.18,15.61,10.30,18.71,2.88,0.09,0.17,0.05,0.18,0.26,0.02,0.00
Makrani,2.34,0.48,0.68,7.45,0.19,33.19,18.72,2.59,30.01,0.00,0.05,0.26,0.24,1.11,2.69
Malay,0.32,0.46,0.57,0.48,0.18,0.29,0.22,0.14,16.22,74.13,0.54,0.60,5.10,0.38,0.37
Mandenka,0.15,0.23,0.16,0.20,0.28,0.14,0.29,0.77,0.18,0.11,0.12,0.10,0.18,6.79,90.30
Mari,11.36,4.78,11.39,38.39,0.23,1.36,0.23,0.09,3.86,0.80,23.79,2.83,0.28,0.10,0.51
Mayan,1.21,1.42,0.52,1.21,2.75,0.30,0.37,0.33,0.26,1.27,2.19,85.92,0.28,0.48,1.49
Mbuti_Pygmy,0.00,0.00,0.00,0.00,0.00,0.00,0.00,0.00,0.00,0.01,0.00,0.00,0.05,29.17,70.77
Miaozu,0.05,0.06,0.06,0.08,0.05,0.10,0.06,0.05,0.59,83.65,13.70,0.65,0.75,0.09,0.06
Moldavian,18.50,13.40,21.14,15.16,10.88,8.55,7.43,1.48,1.10,0.24,0.56,0.56,0.61,0.08,0.31
Mongolian,2.39,1.13,0.96,5.69,1.14,4.39,1.53,0.65,1.62,31.13,46.94,1.74,0.51,0.11,0.08
Montenegrin,18.27,14.85,15.47,11.03,13.74,9.69,13.73,2.38,0.04,0.09,0.27,0.18,0.15,0.02,0.04
Moroccan,2.23,9.50,0.52,0.43,24.21,0.21,22.46,17.47,0.04,0.41,0.04,0.03,0.16,13.79,8.49
Mozabite_Berber,1.20,11.89,0.42,0.20,23.64,0.24,22.64,15.62,0.02,0.25,0.04,0.01,0.07,12.15,11.62
NAN_Melanesian,0.08,0.08,0.21,0.07,0.07,0.09,0.09,0.12,5.74,22.48,1.00,0.29,68.94,0.34,0.40
Naxi,0.09,0.08,0.09,0.16,0.07,0.11,0.07,0.11,2.48,70.74,24.27,0.36,0.98,0.18,0.21
Nogay,6.77,6.39,6.21,9.43,3.35,30.63,7.53,0.99,3.43,8.58,14.39,1.28,0.46,0.38,0.18
North_Amerindian,0.27,0.09,0.30,2.27,0.01,0.07,0.01,0.07,1.70,5.08,20.17,69.80,0.11,0.03,0.02
North_Kannadi,0.61,1.18,2.08,4.64,0.52,7.90,1.01,0.30,75.14,2.13,1.52,0.63,1.45,0.43,0.46
North_Ossetian,5.32,6.18,8.13,5.15,2.33,51.03,11.04,1.57,2.31,1.63,4.18,0.72,0.19,0.14,0.08
Norwegian,39.73,23.47,13.26,11.48,6.36,2.24,0.80,0.14,0.81,0.08,0.50,0.72,0.32,0.06,0.04
Norwegian_West,42.41,24.22,12.26,10.67,6.09,2.26,0.63,0.08,0.13,0.23,0.40,0.57,0.03,0.00,0.00
Norway,39.19,23.96,13.30,11.79,6.40,2.39,0.24,0.07,0.47,0.05,1.08,0.58,0.25,0.17,0.06
Oroqen,0.07,0.07,0.10,0.34,0.09,0.08,0.07,0.05,0.38,27.92,68.96,1.50,0.25,0.07,0.05
Ossetian,6.87,5.42,3.30,5.87,3.90,50.53,11.77,2.12,3.36,2.20,4.00,0.41,0.12,0.13,0.01
Palestinian,1.51,5.44,0.63,0.04,10.05,17.54,44.11,15.91,0.85,0.62,0.12,0.06,0.08,3,0.04
Papuan,0.03,0.03,0.03,0.05,0.03,0.04,0.04,0.08,1.92,1.87,0.56,0.25,94.65,0.19,0.23
Pathan,4.68,1.09,3.02,11.66,0.25,27.89,6.04,0.46,41.29,0.25,1.44,1.50,0.10,0.09,0.25
Pennsylvania_Dutch,32.06,23.02,11.58,8.27,12.36,3. 01,8.04,0.34,0.45,0,0,0.15,0.44,0,0.27
Pima,0.71,0.31,0.48,1.47,0.26,0.24,0.24,0.15,0.72,1.48,4.82,88.74,0.25,0.05,0.08
Piramalai,0.58,0.59,0.75,1.44,0.26,9.78,1.78,0.85,78.68,1.40,0.60,0.66,1.68,0.67,0.28
Polish,21.75,18.55,28.01,19.90,5.58,2.87,1.44,0.67,0.34,0.00,0.00,0.29,0.05,0.30,0.24
Polish_Masuria,26.43,16.68,25.57,20.08,6.72,1.68,0.33,0.68,0.74,0.04,0.22,0.19,0.19,0.20,0.24
Polish_Kielce,22.19,16.32,28.41,19.86,6.10,3.84,1.17,0.65,0.82,0,0,0.21,0.19,0.20,0.02
Polish_South,21.68,16.99,27.00,18.00,6.75,4.82,2.72,0.62,0.66,0.13,0.20,0.10,0.12,0.12,0.09
Portuguese,21.61,26.61,5.71,3.71,21.63,2.65,10.21,3.55,0.45,0.13,0.15,0.28,0.41,2.06,0.85
Punjabi_Jat,7.51,2.35,3.73,11.60,0.15,24.66,2.46,0.50,45.44,0.07,0.20,0.85,0.16,0.10,0.23
Romanian,15.88,15.98,16.10,10.04,12.48,11.43,14.13,2.50,0.50,0.12,0.26,0.31,0.07,0.14,0.05
Romania_Ne,16.39,15.98,19.22,12.75,10.65,9.33,11.62,1.95,0.04,0.36,1.26,0.07,0.08,0.25,0.04
Romania_Nw,17.07,15.18,18.02,13.43,12.11,7.48,12.84,1.27,0.27,0.46,1.21,0.31,0.34,0.02,0.00
Romania_Se,17.84,12.38,15.14,11.64,15.21,7.88,14.22,2.06,1.27,0.21,1.00,0.64,0.29,0.23,0.00
Romania_South,16.57,13.97,16.17,8.97,13.72,11.44,15.14,2.36,0.15,0.55,0.25,0.54,0.16,0.00,0.05
Romania_Sw,16.69,14.59,17.91,8.98,13.57,9.89,14.00,2.04,0.58,0.00,1.08,0.29,0.40,0.00,0.00
Russian_Pinega,20.512,13.654,25.518,23.846,3.358,1.502,2.076,0.322,0.642,0.116,6.86,1.342,0.144,0.046,0
Russian_Smolensk,18.01,18.20,29.95,20.42,4.42,4.38,2.03,0.77,0.83,0.03,0.35,0.26,0.17,0.12,0.06
Russian_Southwest,18.45,15.40,29.69,22.51,3.45,4.85,2.54,0.39,0.54,0.10,0.83,0.60,0.30,0.18,0.16
Sakilli,0.50,0.76,0.62,1.05,1.19,5.52,1.21,1.34,80.24,3.25,0.45,0.18,2.29,0.77,0.63
Samaritan,0,5.29,0.66,0,12.08,16.67,46.12,15.8,0.19,0.15,0,0.02,0.17,2.85,0
San,0.01,0.02,0.01,0.01,0.01,0.03,0.01,0.01,0.05,0.02,0.01,0.01,0.16,39.35,60.29
Sandawe,0.54,0.56,0.34,0.37,1.18,0.83,1.59,3.55,0.37,0.28,0.12,0.09,0.44,51.87,37.87
Saqqaq,1.51,0.01,2.75,8.84,0.00,0.04,0.02,0.00,5.19,11.81,58.09,6.95,4.10,0.43,0.26
Sardinian,5.54,21.19,3.23,0.15,48.23,1.01,17.48,2.56,0.00,0.00,0.03,0.00,0.32,0.20,0.05
Saudi,0.59,0.82,0.31,0.66,4.75,8.31,44.04,34.07,1.42,0.21,0.11,0.10,0.17,4.14,0.31
Scottish,36.68,29.76,9.38,9.26,8.07,4.18,0.55,0.38,0.89,0.05,0.10,0.37,0.13,0.09,0.02
Scottish_Orkney,39.61,29.01,8.61,8.08,7.37,3.67,0.65,0.23,1.05,0.05,0.45,0.24,0.42,0.06,0.52
Selkup,1.95,0.79,1.77,28.17,0.00,0.69,0.01,0.00,1.89,1.27,57.53,5.55,0.35,0.01,0.02
Sephardic_Jewish,5.29,14.02,2.36,1.42,16.21,13.51,33.88,9.68,0.74,0.27,0.38,0.00,0.24,1.56,0.43
Serbian,18.84,17.28,15.16,12.76,11.74,8.44,12.18,2.60,0.34,0.15,0.16,0.02,0.13,0.15,0.05
Serbian_Bosnia,18.2325,15.56,20.425,13.7875,11.8475,6.7525,11.0875,1.385,0.17,0.2375,0.08,0.085,0.2975,0.04,0.01
South_Serbian,17.53,16.17,15.54,11.30,13.19,10.26,13.26,1.49,0.07,0.04,0.04,0.42,0.28,0.10,0.29
She,0.04,0.06,0.04,0.08,0.05,0.07,0.05,0.07,0.35,85.67,12.87,0.35,0.15,0.08,0.07
Shors,5.62,1.44,1.67,22.58,0.03,4.03,0.11,0.04,4.42,13.62,40.67,5.31,0.19,0.05,0.22
Sindhi,3.47,1.33,1.42,8.24,0.10,27.16,7.12,0.50,47.96,0.10,0.38,1.10,0.25,0.33,0.53
Slovak,23.77,15.96,23.29,15.58,8.88,4.73,4.63,0.94,0.8,0.16,0.11,0.47,0.36,0.16,0.12
Slovenian,21.15,18.70,21.22,13.27,11.06,6.08,6.25,1.05,0.36,0.11,0.12,0.26,0.10,0.14,0.04
Somali,0.10,0.16,0.06,0.04,1.95,0.12,7.86,22.22,0.01,0.09,0.09,0.07,0.06,59.51,7.66
Sorb_Lusatia,23.95,18.87,25.55,17.18,6.36,3.47,3.22,0.27,0.60,0.18,0.01,0.20,0.08,0.01,0.05
Spanish_Andalucia,15.69,31.45,5.58,2.99,23.21,3.99,11.30,2.49,0.48,0.18,0.46,0.04,0.31,1.32,0.52
Spanish_Aragon,18.12,35.04,5.17,2.95,23.35,2.00,8.96,2.85,0.27,0.15,0.16,0.22,0.21,0.47,0.08
Spanish_Cantabria,19.95,32.02,5.93,4.22,23.95,2.17,6.59,2.68,0.31,0.04,0.07,0.26,0.30,0.91,0.61
Spanish_Castilla_La_Mancha,17.84,33.09,4.72,3.46,22.53,3.48,9.32,3.19,0.30,0.11,0.08,0.13,0.06,1.40,0.28
Spanish_Castilla_Y_Leon,20.52,29.84,7.19,2.38,20.82,2.77,9.35,3.61,0.16,0.24,0.07,0.16,0.13,1.92,0.84
Spanish_Cataluna,21.75,29.63,6.92,4.00,20.70,3.10,9.73,1.88,0.48,0.36,0.06,0.03,0.29,0.56,0.50
Spanish_Extremadura,19.86,28.49,4.72,3.60,21.52,3.09,10.75,4.67,0.39,0.01,0.01,0.36,0.10,1.48,0.95
Spanish_Galicia,23.22,24.88,6.54,3.91,21.78,2.42,8.93,4.48,0.88,0.19,0.13,0.12,0.03,1.52,0.96
Spanish_Murcia,19.87,29.93,4.85,3.06,20.83,2.52,11.69,3.13,0.27,0.61,0.39,0.50,0.12,1.57,0.67
Spanish_Valencia,17.55,32.77,6.17,3.66,21.94,2.78,10.99,1.90,0.63,0.12,0.04,0.21,0.33,0.45,0.45
Sudanese,0.00,0.00,0.00,0.00,0.00,0.00,0.00,0.00,0.01,0.01,0.00,0.00,0.01,48.93,51.04
Swedish,38.75,24.05,14.44,11.79,5.64,2.45,0.29,0.27,0.74,0.11,0.43,0.55,0.29,0.08,0.11
Swedish_North,37.45,23.37,14.64,13.68,6.12,1.22,0.23,0.11,0.75,0.18,0.91,0.78,0.43,0.02,0.11
Swedish_Aland,32.07,22.77,18.94,17.59,4.27,0.00,0.03,0.00,1.25,0.04,1.91,0.78,0.34,0.00,0.00
Swiss_German,29.02,24.29,11.25,7.06,13.51,5.61,7.40,1.10,0.15,0.01,0.10,0.21,0.17,0.07,0.04
Syrian,3.1,4.72,1.81,1.6,7.92,19.93,37.09,13.2,2.48,0.36,0.2,0.11,0.41,4.9,2.17
Szekely,19.26,18.825,17.27,9.745,9.47,8.32,10.435,1.48,0.84,0.325,2.485,0.405,0.67,0.045,0.15
Tabassaran,14.14,3.79,3.82,14.95,0.04,43.12,10.94,0.33,6.16,0.03,0.65,1.65,0.02,0.02,0.34
Tadjik,7.35,5.23,3.48,11.77,0.81,28.55,8.03,1.14,19.27,3.96,8.24,1.52,0.09,0.27,0.29
Tatar,14.44,10.70,16.22,22.17,2.71,9.60,1.41,0.73,2.41,2.97,14.22,1.72,0.19,0.11,0.40
Tibeto-Burman_Burmese,0.34,0.34,0.45,0.47,0.47,0.44,0.35,0.35,18.32,61.65,13.19,0.90,1.68,0.41,0.64
Tu,0.59,0.41,0.48,0.63,0.50,1.12,0.65,0.38,2.17,62.77,27.82,1.22,0.65,0.28,0.33
Tujia,0.05,0.04,0.05,0.07,0.05,0.06,0.05,0.04,0.33,81.96,16.03,0.48,0.52,0.13,0.14
Tunisian,0.94,11.73,1.47,0.06,20.07,1.69,27.17,15.05,0.00,0.17,0.29,0.00,0.34,10.52,10.48
Tunisian_Jewish,3.45,12.09,1.83,0.10,15.16,12.85,37.53,10.56,0.15,0.26,0.28,0.02,0.51,4.48,0.74
Turkish_Anatolia,3.25,7.28,2.98,4.13,7.79,29.40,28.81,5.62,4.36,2.02,3.28,0.32,0.42,0.30,0.03
Turk_Meskhetian,3.24,2.65,2.33,3.73,6.59,47.19,27.5,3.21,2.62,0.28,0.08,0.2,0.19,0.08,0.11
Turkish_Adana,5.23,5.24,2.81,4.6,8.1,26.29,29.68,7.05,4.29,0.96,3.66,0.37,0.36,0.98,0.38
Turkish_Aydin,5.6,5.29,6.76,5.09,8.5,24.88,24.03,3.96,1.75,3.9,7.99,0.98,0.44,0.69,0.14
Turkish_Balikesir,8.79,6.4,3.95,6.54,9.57,22.99,21.7,3.09,3.63,3.29,8.46,0.33,0.56,0.3,0.4
Turkish_East,2.4,5.66,2.1,2.88,6.85,40.55,30.7,4.16,3.35,0.11,0.66,0.34,0.17,0.03,0.04
Turkish_Kayseri,2.9,5.08,2.72,5.82,8.97,29.8,29.53,4.91,3.8,1.84,3.36,0.5,0.29,0.34,0.14
Turkish_Trabzon,1.16,4.41,1.92,0.9,9.21,43.89,33.53,3.76,0.75,0.11,0.02,0.04,0.27,0,0.03
Turkmen,4.07,3.12,2.51,9.67,2.44,27.87,19.24,2.77,13.66,5.30,7.47,1.11,0.03,0.49,0.25
Tuscan,14.30,20.09,6.44,2.92,19.82,10.04,20.77,4.75,0.26,0.01,0.08,0.01,0.22,0.21,0.08
Tuvinian,1.46,0.66,0.43,10.63,0.45,1.65,0.39,0.45,1.59,23.93,54.94,2.44,0.69,0.09,0.20
Ukrainian_Kiev_Avg,18.79,15.55,29.64,19.30,6.20,4.73,2.61,0.91,0.57,0.16,0.47,0.40,0.35,0.08,0.23
Ukrainian_Belgorod,17.90,15.05,29.66,22.16,3.76,6.41,2.58,0.64,0.68,0.21,0.21,0.31,0.12,0.14,0.17
Ukrainian_Lviv,22.18,13.92,27.35,16.68,7.54,4.90,3.14,1.44,0.97,0.25,0.54,0.54,0.45,0.04,0.05
Ukraine_East,18.08,13.38,31.97,22.31,6.69,2.68,1.10,0.14,1.86,0.29,0.40,0.42,0.36,0.20,0.12
Uttar_Pradesh,1.80,2.51,1.60,4.44,1.35,8.46,0.92,0.81,72.24,2.53,1.25,0.68,0.91,0.28,0.22
Uygur,4.52,4.36,3.77,8.19,0.83,15.29,4.28,0.46,11.15,24.16,19.70,2.41,0.42,0.26,0.20
Uzbeki,4.23,2.75,5.26,9.85,1.24,16.04,6.59,1.12,12.70,15.83,22.23,1.47,0.17,0.30,0.20
Velamas,0.75,0.59,0.63,1.31,0.41,14.03,3.76,0.45,73.65,1.36,1.01,0.31,1.10,0.32,0.32
Vietnamese,0.21,0.08,0.22,0.28,0.11,0.16,0.14,0.16,4.39,87.54,4.92,0.32,1.12,0.20,0.15
Welsh,36.46,28.89,9.84,8.67,9.27,4.12,0.71,0.37,0.60,0.06,0.14,0.32,0.22,0.2,0.08
West_Greenlander,2.10,0.95,2.56,10.50,0.08,0.25,0.05,0.04,2.30,7.03,37.50,36.41,0.11,0.07,0.04
Xibo,0.46,0.29,0.29,0.59,0.37,0.59,0.43,0.25,0.74,56.12,37.91,1.07,0.46,0.26,0.17
Yakut,0.95,0.78,1.28,1.63,0.96,0.88,0.47,0.54,1.36,15.42,73.78,0.91,0.71,0.21,0.12
Yemenite_Jewish,0.27,1.05,0.16,0.11,4.40,5.41,54.12,27.46,0.48,0.06,0.10,0.08,0.18,6.11,0.01
Yizu,0.05,0.07,0.05,0.12,0.06,0.12,0.05,0.11,2.32,71.53,22.87,0.76,1.55,0.16,0.18
Yoruban,0.04,0.07,0.06,0.05,0.07,0.10,0.09,0.39,0.06,0.05,0.04,0.04,0.07,3.00,95.87</div>
    </div>
</body>
</html>