<!DOCTYPE html>
<html lang="en">
<head>
    <meta charset="UTF-8">
    <meta name="viewport" content="width=device-width, initial-scale=1.0">
    <title>Eurogenes K13 Global</title>
    <link rel="stylesheet" href="style2.css">
    <script defer src="script.js"></script>
</head>
<body>
    <div id="link"><a href="index.html">Go back to the main page</a></div>
    <div id="button-div"><button id="button">Copy all</button><div id="textBox"></div></div>
    <div id="container">
<div id="content">Aari,0.43,0.14,0.32,1.97,2.23,9.70,1.41,0.23,0.53,0.20,0.37,74.12,8.35<br>
Abhkaz,1.64,4.62,9.81,54.30,22.78,1.84,1.91,1.48,1.11,0.17,0.33,0.01,0.01<br>
Aboriginal_Australian,0,0,0,0,0,0,14.73,11.06,4.79,0.2,65.9,3.33,0<br>
Alawite,5.95,1.56,13.93,24.33,39.43,9.69,1.82,0.42,0.76,0.21,0.35,1.28,0.23<br>
Albanian,21.69,17.54,21.72,11.13,23.86,2.59,0.16,0.28,0.28,0.28,0.22,0.16,0.09<br>
Algerian,13.95,0.61,24.25,0.00,27.47,14.21,0.00,0.31,0.12,0.10,0.39,8.89,9.66<br>
Altai,4.25,9.58,0.55,8.32,0.14,0.23,2.94,21.39,48.62,3.21,0.51,0.01,0.25<br>
Amerindian_North,0.00,1.64,0.00,0.01,0.00,0.01,1.03,1.61,21.97,73.72,0.02,0.00,0.00<br>
Amhara,0.07,0.01,0.77,0.04,21.14,26.79,0.03,0.14,0.02,0.17,0.21,47.07,3.55<br>
Anuak_Ethiopia,0.00,0.00,0.00,0.00,0.00,0.00,0.03,0.03,0.02,0.02,0.02,61.65,38.24<br>
Armenian,3.13,2.22,12.06,37.82,35.29,5.75,2.77,0.24,0.10,0.13,0.35,0.17,0.16<br>
Aromanian,21.38,19.84,19.71,11.24,23.23,2.94,0.15,0.36,0.51,0.30,0.27,0.06,0.00<br>
Arunthathiyar,0.07,0.02,0.98,12.79,0.43,1.37,76.82,3.51,0.21,0.05,2.40,0.79,0.56<br>
Assyrian_North,1.47,1.33,11.83,32.9,39.46,8.42,3.4 7,0.22,0.16,0.14,0.31,0.21,0.07<br>
Assyrian_South,1.57,1.07,11.78,32.43,39.52,8.73,3. 49,0.32,0.12,0.19,0.3,0.32,0.12<br>
Assyrian_West,2.19,0.82,12.21,32.35,39.76,8.61,2.9 2,0.22,0.12,0.16,0.29,0.18,0.16<br>
Austrian,36.84,27.27,15.90,7.36,9.10,1.32,0.60,0.23,0.48,0.27,0.41,0.06,0.10<br>
Austrian_Burgenland,38.13,26.01,13.17,6.50,12.79,0.87,0.36,0.27,0.62,0.24,0.71,0.00,0.32<br>
Austrian_Carinthia,32.36,33.44,14.41,6.52,10.49,1.02,0.34,0.00,0.64,0.27,0.33,0.04,0.07<br> 
Austrian_Lower_Austria,37.42,24.75,17.87,8.14,7.73,1.585,0.97,0.24,0.425,0.225,0.64,0,0<br>
Austrian_Salzburg-Upper_Austria,39.31,26.14,14.78,6.64,9.49,1.64,1.06,0.17,0.22,0.23,0.29,0.03,0.00<br>
Austrian_Styria,34.20,31.69,15.07,7.48,8.45,0.79,0.31,0.33,0.77,0.19,0.16,0.21,0.36<br>
Austrian_Tyrol,36.88,20.87,18.12,8.21,11.75,1.88,0.20,0.34,0.72,0.52,0.33,0.00,0.07<br>
Avar,14.40,16.11,1.05,49.59,8.76,0.69,5.74,0.06,1.74,1.37,0.27,0.02,0.19<br>
Azerbaijani_Azerbaijan,5.54,4.68,6.92,34.81,28.48,5.51,7.13,2.28,2.92,0.54,0.54,0.35,0.29<br>
Azerbaijani_Iran,4,4.61,7.74,36.49,27.9,5.04,6.93,2.11,3.46,0.71,0.19,0.65,0.17<br>
Azerbaijani_Turkey,5.4,5.26,8.22,35.43,28,3.9,6.17,2.43,4.02,0.47,0.21,0.31,0.12<br>
Baka,0.00,0.01,0.00,0.00,0.00,0.00,0.01,0.02,0.05,0.01,0.35,21.06,78.49<br>
Balkar,6.59,10.90,9.30,45.36,14.67,0.77,1.99,3.35,5.53,0.83,0.50,0.06,0.17<br>
Baloch,2.96,3.55,0.24,53.45,5.02,3.15,29.58,0.00,0.17,0.63,0.04,0.32,0.90<br>
Bamar,0.32,0.81,1.02,0.70,0.54,0.31,18.39,60.71,13.69,0.79,1.64,0.24,0.84<br>
Bantu_Eastcentral_Africa,0.05,0.12,0.06,0.15,0.57,0.90,0.08,0.43,0.07,0.46,0.08,25.46,71.57<br>
Bantu_Southeast_Africa,0.06,0.05,0.02,0.14,0.06,0.09,0.16,0.20,0.19,0.06,0.20,14.77,84.01<br>
Bantu_Southwest_Africa.,0.07,0.06,0.08,0.07,0.10,0.13,0.08,0.07,0.22,0.07,0.33,13.01,85.70<br>
Bashkir,13.65,24.98,2.13,13.63,1.26,0.28,3.45,8.71,27.40,3.25,0.41,0.58,0.27<br>
Basque_France,52.62,6.10,35.86,0.35,3.07,0.31,0.32,0.65,0.06,0.08,0.30,0.22,0.04<br>
Bedouin,1.25,1.19,11.06,14.43,38.15,21.40,1.85,0.25,0.69,0.27,0.21,6.33,2.91<br>
Belarusian,27.19,49.58,9.18,4.63,4.58,0.53,1.26,0.24,1.21,0.72,0.43,0.21,0.22<br>
Bengali_Bangladesh,2.38,4.43,0.93,18.87,0.54,0.25,58.19,8.99,2.54,0.76,1.71,0.02,0.40<br>
Beta_Israel,0,0,0.30,0,17.83,29.31,0,0,0.03,0.02,0.20,51.57,0.72<br>
Bosniak,24.88,32.47,15.40,8.91,13.89,1.77,0.79,0.51,0.57,0.47,0.26,0.02,0.06<br>
Bosniak_Sandžak,24.09,24.59,19.05,10.39,18.12,1.78,0.19,0.38,0.49,0.55,0.29,0.01,0.06<br>
Brahmin_Uttar_Pradesh,7.52,8.07,0.41,23.86,0.12,0.07,55.38,0.65,0.74,1.88,0.85,0.23,0.23<br>
Brahui,1.52,2.28,0.06,53.84,5.71,3.18,29.92,0.06,0.51,0.64,0.28,0.80,1.20<br>
Bulgarian_Western,22.07,25.29,17.67,11.07,18.90,2.28,0.46,0.52,0.68,0.55,0.34,0.08,0.10<br>
Bulgarian_Central,21.04,24.37,17.93,11.70,19.89,2.41,0.58,0.37,0.80,0.35,0.38,0.12,0.06<br>
Bulgarian_Eastern,20.34,22.65,18.01,12.96,20.61,2.65,0.61,0.36,0.68,0.40,0.46,0.14,0.08<br>
Burusho,2.50,8.83,0.01,37.09,0.22,0.04,36.76,5.04,6.21,2.26,0.33,0.24,0.47<br>
Buryat,0.47,3.04,1.11,5.10,1.22,0.73,0.74,26.85,58.82,1.44,0.26,0.21,0.01<br>
Chamar,0.45,1.72,1.27,11.50,0.59,0.71,77.02,1.75,1.69,1.23,1.44,0.51,0.11<br>
Chechen,10.14,15.25,4.48,46.45,13.11,1.36,3.47,1.34,1.73,1.32,1.05,0.18,0.12<br>
Chenchu,0.75,0.34,1.51,12.87,1.46,0.37,71.14,6.32,1.84,0.81,1.92,0.32,0.35<br>
Chukchi,0.02,3.65,0.00,0.05,0.00,0.00,1.28,8.84,60.79,24.71,0.65,0.00,0.00<br>
Chuvash,14.88,43.07,2.02,8.74,1.29,0.85,2.28,2.66,20.08,2.77,0.44,0.55,0.36<br>
Circassian,6.38,12.14,7.88,47.22,16.97,1.95,2.79,1.08,2.58,0.80,0.13,0.05,0.03<br>
Croat,28.08,33.07,15.25,7.68,12.16,1.27,0.55,0.27, 0.52,0.55,0.40,0.14,0.11<br>
Croat_Southern,26.66,32.28,15.80,8.16,13.52,1.26,0 .55,0.27,0.52,0.55,0.40,0.14,0.11<br>
Croat_Northern,30.14,34.20,14.46,6.99,10.20,1.28,0 .55,0.29,0.50,0.63,0.40,0.22,0.14<br>
Csángó-Ceangău,27.60,29.46,15.34,8.91,11.04,1.51,0.87,1.07,2.64,0.81,0.47,0.15,0.15<br>
Cypriot_Turkish,5.87,3.86,18.77,18.36,36.95,8.38,2.06,0.64,1.47,0.3,0,1.95,1.31<br>
Czech,32.33,37.42,11.45,5.60,8.50,1.59,1.15,0.44,0.51,0.91,0.00,0.05,0.06<br>
Dai,0.03,1.07,0.03,0.16,0.01,0.01,4.19,90.46,1.69,0.55,1.41,0.10,0.28<br>
Danish,50.61,28.70,10.19,5.00,2.12,0.52,0.99,0.19,0.42,0.59,0.23,0.12,0.17<br>
Dargin,14.95,17.38,0.62,50.93,7.03,0.27,4.53,0.11,1.40,2.41,0.14,0.04,0.28<br>
Dharkar,1.85,4.01,1.94,19.67,0.57,0.03,65.77,1.74,1.80,0.84,0.82,0.72,0.23<br>
Dolgan,1.57,7.84,0.63,0.78,0.14,0.06,1.92,9.23,75.33,1.38,0.43,0.59,0.11<br>
Dutch,49.32,24.86,12.34,5.36,4.02,1.02,0.91,0.29,0.45,0.53,0.42,0.24,0.24<br>
Dutch_Central,49.82,24.96,11.85,5.30,3.79,1.15,0.94,0.31,0.42,0.55,0.43,0.24,0.23<br>
Dutch_North,50.60,26.10,10.99,5.19,3.05,0.85,0.98,0.36,0.43,0.61,0.42,0.23,0.19<br>
Dutch_South,46.51,23.27,14.88,5.48,5.68,1.24,0.83,0.29,0.41,0.49,0.42,0.31,0.21<br>
Egyptian,3.00,0.09,11.72,7.86,39.56,18.84,0.09,0.14,0.30,0.10,0.23,11.83,6.24<br>
English_Midlands,49.37,23.64,13.73,5.59,4.24,0.63,1.06,0.17,0.24,0.50,0.41,0.24,0.19<br>
English_North,50.45,23.80,13.24,5.50,3.51,0.71,0.96,0.14,0.29,0.63,0.42,0.18,0.18<br>
English_Southeast,48.99,23.41,13.69,5.75,4.47,0.72,1.12,0.18,0.29,0.56,0.42,0.23,0.15<br>
English_Southwest,50.12,23.05,14.30,5.37,3.66,0.59,1.07,0.15,0.23,0.68,0.46,0.16,0.16<br>
Estonian,32.93,50.58,6.76,2.45,0.57,0.09,0.95,0.05,3.51,1.35,0.61,0.04,0.09<br>
Even,0.14,3.03,0.90,0.48,0.37,0.38,0.37,10.18,80.93,2.43,0.61,0.18,0.01<br>
Evenk,0.26,4.32,0.37,0.52,0.20,0.12,0.44,11.82,79.19,1.34,1.21,0.11,0.11<br>
Finnish,34.17,47.69,4.43,2.21,0.65,0.42,0.53,0.96,6.48,0.90,0.81,0.50,0.26<br>
Finnish_East,30.71,49.54,4.49,1.63,0.22,0.82,1.48,0.70,8.59,0.71,0.69,0.05,0.37<br>
Finnish_Southwest,38.50,43.46,6.96,1.93,1.34,0.49,0.69,0.10,4.96,1.10,0.25,0.14,0.08<br>
Flemish,45.98,22.82,15.31,5.27,7.14,0.71,0.92,0.25,0.21,0.53,0.43,0.28,0.15<br>
French_Alsace,40.65,22.72,16.81,6.48,9.58,1.60,0.39,0.47,0.25,0.36,0.27,0.16,0.26<br>
French_Aquitaine,48.66,8.17,33.52,0.65,5.51,1.30,0.57,0.37,0.25,0.42,0.29,0.14,0.14<br>
French_Brittany,48.09,21.85,16.48,5.21,5.36,0.25,0.94,0.07,0.17,1.00,0.11,0.33,0.15<br>
French_Central,42.40,18.28,20.55,4.81,9.80,1.59,0.49,0.26,0.36,0.46,0.37,0.38,0.24<br>
French_Corsica,26.74,9.01,28.48,6.84,23.99,3.65,0.18,0.18,0.21,0.17,0.45,0.1,0<br>
French_North,44.41,20.70,17.08,5.26,8.07,1.31,0.91,0.45,0.59,0.41,0.21,0.20,0.32<br>
French_South,41.77,14.33,26.39,2.70,10.79,1.43,0.55,0.18,0.26,0.58,0.53,0.33,0.17<br>
Gagauz_Moldova,19.27,23.03,18.01,12.99,21.11,2.46, 0.70,0.41,0.88,0.37,0.49,0.22,0.06<br>
Georgian,3.72,5.52,10.13,52.14,21.85,3.22,1.80,0.65,0.37,0.42,0.12,0.03,0.03<br>
Georgian_Imereti,2.27,2.24,11.58,54.44,23.83,1.88,2.24,0.27,0.06,0,0.89,0.01,0.25<br>
German,42.05,27.91,13.69,6.10,6.31,1.23,0.86,0.16,0.32,0.43,0.32,0.35,0.29<br>
German_Northeast,39.63,38.09,9.56,4.92,3.95,1.05,1.04,0.29,0.03,0.27,0.29,0.63,0.25<br>
German_Northwest,48.78,25.87,11.39,6.78,3.82,0.44,1.48,0.00,0.51,0.31,0.04,0.12,0.45<br> 
German_Southeast,38.88,30.83,13.16,6.57,7.10,1.36,0.27,0.02,0.31,0.40,0.29,0.61,0.21<br>
German_Southwest,41.78,21.94,17.52,5.66,8.80,1.50,0.66,0.33,0.41,0.56,0.46,0.11,0.27<br> 
Greek_Central_Anatolia,6.26,3.99,17.99,27.59,36.55,5.51,1.01,0.11,0.59,0.06,0.36,0.00,0.00<br>
Greek_Islands,13.75,7.49,20.45,17.36,33.49,5.47,0.35,0.37,0.23,0.18,0.36,0.26,0.10<br>
Greek_North,19.44,17.82,20.08,12.95,25.18,2.68,0.33,0.25,0.52,0.24,0.37,0.10,0.10<br>
Greek_Pontus,2.31,1.6,15.84,37.71,36.38,3.88,1.29,0.32,0.22,0.04,0.36,0.01,0.03<br>
Greek_South-Central_Mainland,17.97,14.33,21.01,13.34,27.53,3.98,0.21,0.37,0.25,0.28,0.36,0.27,0.12<br>
Greek_West_Anatolia,16.63,11.89,20.53,15.6,29.3,4.24,0.1,0.62,0.28,0.19,0.37,0.2,0.06<br>
Greenlandic_Inuit_East,0.02,3.27,0.00,0.11,0.00,0.01,2.00,7.51,44.32,42.38,0.30,0.01,0.07<br>
Greenlandic_Inuit_West,1.90,12.23,0.02,0.80,0.01,0.01,2.80,6.23,38.66,37.10,0.06,0.14,0.04<br>
Gujarati,4.22,6.43,0.04,27.49,0.40,0.18,58.04,0.65,1.25,0.37,0.49,0.11,0.33<br>
Gumuz_Ethiopia,0.00,0.00,0.00,0.01,0.00,0.01,0.78,0.51,0.30,0.10,0.41,72.20,25.69<br>
Hadza,0.41,0.32,0.01,0.97,0.14,1.32,2.66,0.05,0.25,0.12,0.55,61.84,31.36<br>
Hazara,3.20,8.47,1.46,21.92,3.70,0.76,12.59,20.87,24.42,1.87,0.40,0.21,0.13<br>
Hazara_Afghanistan,7.36,7.11,0.59,23.61,5.37,0.96,13.56,17.57,20.94,2.12,0.35,0.12,0.31<br>
Ho,0.00,0.00,0.01,0.00,0.00,0.00,69.42,24.77,0.18,0.08,4.28,0.68,0.58<br>
Hungarian,30.3,32.51,14.23,7.15,10.6,1.16,0.93,0.5 1,1.2,0.57,0.36,0.19,0.17<br>
Hungarian_Székely,28.07,28.61,15.03,8.52,12.81,1.3 9,1.04,0.67,2.27,0.7,0.38,0.2,0.14<br>
Icelandic,51.20,26.73,10.31,6.30,1.57,0.78,0.83,0.20,0.77,0.84,0.12,0.24,0.06<br>
Ingush,8.91,11.47,6.17,48.35,15.47,1.35,2.13,1.56,2.88,1.09,0.59,0,0.13<br>
Iranian,2.07,4.23,4.23,38.20,29.70,7.48,10.56,0.04,1.34,0.28,0.24,0.17,1.47<br>
Iraqi,2.66,2.3,8.46,28.81,33.63,11.82,6.83,0.61,0.88,0.37,0.27,2.54,0.81<br>
Irish,52.43,22.93,12.62,6.82,1.44,0.50,1.40,0.16,0.28,0.80,0.29,0.14,0.13<br>
Italian_Aosta_Valley,39.39,15.81,22.37,7.56,12.42,1.2,0.46,0.01,0,0.01,0.12,0.44,0.21<br>
Italian_North_Alpine,33.49,15.86,23.07,5.80,18.13,2.38,0.18,0.19,0.20,0.33,0.25,0.06,0.06<br>
Italian_North,29.74,11.92,24.60,7.93,21.74,2.90,0.26,0.26,0.05,0.22,0.22,0.12,0.05<br>
Italian_Center,26.17,9.81,23.69,10.72,24.63,3.74,0.24,0.16,0.10,0.16,0.38,0.15,0.07<br>
Italian_South,19.03,7.72,21.43,14.55,30.10,5.14,0.32,0.28,0.11,0.20,0.35,0.51,0.27<br>
Japanese,0.01,0.00,0.01,0.00,0.02,0.01,0.22,65.93,31.72,0.83,0.62,0.32,0.30<br>
Jat_Punjab,7.52,10.46,0.07,35.03,0.74,0.59,43.04,0.07,0.41,1.30,0.33,0.07,0.38<br>
Jew_Ashkenazi,16.48,8.34,18.39,10.85,36.34,5.86,0.10,0.85,1.05,0.21,0.27,0.89,0.39<br>
Jew_Caucasus,2.25,1.09,10.69,33.83,38.08,8.06,4.87,0.17,0,0.61,0.18,0.18,0<br>
Jew_Sephardi,15.63,1.81,19.83,13.04,36.91,8.90,0.61,0.38,0.78,0.00,0.33,1.12,0.65<br>
Jew_Yemen,0.23,0.00,5.52,6.28,52.36,28.49,0.71,0.06,0.23,0.19,0.25,5.68,0.00<br>
Jordanian,2.45,0.69,10.94,18.25,40.75,14.70,1.48,0.40,0.16,0.61,0.50,6.96,2.12<br>
Kabardian,7.04,13.45,8.22,44.99,13.16,1.89,2.40,2.32,5.14,0.72,0.23,0.24,0.19<br>
Kalash,5.72,11.37,0.00,43.42,0.69,0.00,34.83,0.03,1.28,1.85,0.22,0.09,0.49<br>
Kanjar,2.02,5.26,0.51,19.37,0.25,0.05,67.26,1.77,0.77,0.83,1.14,0.47,0.29<br>
Kannada_North,0.28,4.26,0.35,15.05,0.64,0.05,72.33,2.12,1.82,0.61,1.48,0.40,0.61<br>
Karakalpak,7.81,12.16,2.15,13.31,3.51,1.45,4.49,20.04,32.27,1.72,0.65,0.08,0.28<br>
Karitiana,0.00,0.01,0.00,0.00,0.00,0.00,0.01,0.32,0.02,99.62,0.00,0.01,0.01<br>
Kazakh,7.42,11.87,1.47,12.28,0.99,0.86,3.34,22.47,36.11,2.22,0.91,0.05,0.03<br>
Ket,2.00,22.06,0.00,2.96,0.00,0.00,3.98,3.40,57.55,7.77,0.28,0.00,0.00<br>
Khakas,3.88,16.30,0.23,9.81,0.02,0.06,3.33,17.07,44.91,3.88,0.15,0.14,0.21<br>
Khanty,5.65,31.35,0.00,3.55,0.00,0.00,4.34,0.83,47.59,6.01,0.56,0.00,0.10<br>
Khmer_Cambodia,0.08,1.82,0.49,0.33,0.16,0.40,14.67,76.89,0.84,0.30,3.19,0.49,0.33<br>
Kirgiz,5.81,7.94,1.15,12.69,2.05,0.34,4.21,24.46,37.76,2.56,0.91,0.04,0.08<br>
Kol,2.16,2.90,1.81,16.00,0.57,0.03,71.04,2.16,0.85,1.10,0.70,0.44,0.25<br>
Komi,22.39,43.60,3.11,8.46,0.17,0.31,2.39,0.57,15.43,2.56,0.25,0.21,0.54<br>
Koryak,0.02,3.90,0.00,0.24,0.00,0.00,0.93,10.91,66.39,17.42,0.16,0.00,0.02<br>
Kshatriya,4.22,6.62,0.27,24.46,0.76,0.10,58.75,0.71,1.19,1.40,0.81,0.43,0.28<br>
Kumyk,7.40,12.43,6.78,41.62,18.24,2.19,3.84,2.21,3.07,1.39,0.46,0.15,0.21<br>
Kurd,3.67,3.55,6.20,40.33,29.77,5.69,8.07,0.36,1.01,0.49,0.28,0.52,0.07<br>
Kurd_Iran,4,2.22,7.31,39.88,31.03,4.36,9.29,0,0.99,0.19,0,0.03,0.54<br>
Kurd_Kurmanji_Turkey,3.73,4.75,7.96,38.41,30.58,5.17,7.45,0.4,1.11,0.56,0,0,0<br>
Kurd_Sorani,2.98,4.22,6.58,38,30.5,6.66,8.45,0.41,0.76,0.66,0.24,0.72,0.27<br>
Kurumba,0.92,0.05,0.42,20.26,0.77,0.60,70.73,1.53,1.69,0.28,1.63,0.71,0.40<br>
Lahu,0.27,0.48,0.26,0.05,0.16,0.16,4.49,81.47,9.62,0.88,1.46,0.51,0.17<br>
Lak,13.14,17.90,0.88,50.54,7.79,0.64,4.30,0.20,2.24,1.83,0.30,0.19,0.23<br>
Latvian,26.53,59.03,6.85,2.64,0.87,0.36,1.22,0.18,0.73,0.87,0.37,0.05,0.31<br>
Laz,1.47,1.72,14.18,45.4,32.17,3.04,0.88,0.51,0,0.11,0.38,0,0.09<br>
Lebanese_Christian,1.47,0.19,15.36,20.76,47.26,12.40,0.77,0.59,0.19,0.01,0.17,0.83,0.01<br>
Lebanese_Druze,5.04,1.19,10.62,21.22,48.65,9.37,1.61,0.45,0.53,0.01,0.42,0.58,0.30<br>
Lebanese_Muslim,4.62,1.30,13.94,23.11,39.72,10.79,2.44,0.19,0.07,0.01,0.62,2.22,0.95<br>
Lemko_Poland,27.74,37.63,14.89,7.34,9.48,0.24,0.42,0.58,0.56,0.60,0.52,0.00,0.00<br>
Lezgin,11.19,15.66,1.70,47.07,15.17,1.06,4.19,0.77,1.51,1.04,0.40,0.13,0.11<br>
Libyan,6.27,0.45,16.18,1.23,31.33,22.97,0.17,0.57,0.54,0.38,0.36,10.54,9.00<br>
Lithuanian_Aukštaitija,27.95,53.51,7.85,4.17,2.19,0.37,1.18,0.33,0.67,0.79,0.39,0.28,0.32<br>
Lithuanian_Žemaitija,28.03,55.92,7.20,3.72,0.99,0.40,1.12,0.21,0.68,0.67,0.36,0.38,0.31<br>
Luhya,0.19,0.09,0.06,0.15,0.08,0.70,0.15,0.25,0.04,0.02,0.28,25.17,72.81<br>
Lur,1.16,3.82,5.91,39.11,29.66,7.04,9.87,0.18,1.31,0.38,0.39,0.36,0.68<br>
Maasai,0.23,0.09,0.62,0.14,2.81,11.37,0.02,0.05,0.05,0.05,0.45,53.34,30.78<br>
Malay,0.17,2.99,0.07,0.15,0.05,0.02,16.44,73.60,0.08,0.57,5.15,0.34,0.36<br>
Maltese,16.41,6.49,20.59,13.9,31.37,6.62,0.68,0.7,0.01,0,0.32,1.38,1.53<br>
Mandaean,1.8,0.35,9.34,31.52,39.83,10.23,5.62,0.02, 0.09,0.15,0.19,0.71,0.12<br>
Mandinka,0.27,0.16,0.39,0.05,0.63,1.58,0.14,0.12,0.17,0.08,0.21,7.23,88.98<br>
Mansi,8.34,30.51,0.00,4.75,0.00,0.00,4.24,1.92,43.90,5.26,0.81,0.14,0.13<br>
Mari,13.18,42.21,1.21,6.31,0.63,0.45,4.35,0.87,26.26,3.33,0.38,0.15,0.67<br>
Maya,1.71,0.40,5.07,0.10,0.18,0.17,0.09,1.09,2.53,86.31,0.26,0.32,1.78<br>
Mbuti,0.00,0.00,0.00,0.00,0.00,0.00,0.00,0.01,0.00,0.01,0.14,33.21,66.64<br>
Melanesian_Papuan,0.06,0.32,0.04,0.06,0.11,0.25,6.53,22.18,0.73,0.20,68.72,0.35,0.45<br>
Miao,0.26,0.08,0.05,0.21,0.05,0.07,0.76,82.49,14.62,0.38,0.80,0.19,0.04<br>
Moldovan_Central,23.53,31.20,15.11,9.56,14.31,1.77,1.20,0.52,1.58,0.45,0.46,0.15,0.17<br>
Moldovan_North,23.99,33.84,14.21,9.52,12.52,1.74,0. 78,0.71,1.23,0.39,0.74,0.08,0.27<br>
Moldovan_South,21.78,28.89,15.87,9.76,18.84,2.00,0 .55,0.49,0.66,0.64,0.22,0.12,0.18<br>
Mongolian,2.93,4.38,1.13,7.15,1.42,0.54,1.22,30.75,48.10,1.67,0.58,0.05,0.08<br>
Monguor,0.74,0.56,0.67,2.57,0.61,0.33,1.92,61.90,29.03,0.81,0.53,0.08,0.26<br>
Montenegrin,23.78,26.42,18.93,9.56,17.29,1.64,0.53,0.31,0.61,0.56,0.28,0.04,0.06<br>
Mordvin,22.53,47.66,6.87,7.66,3.52,0.71,1.62,1.04,6.12,1.30,0.53,0.24,0.20<br>
Moroccan,9.39,0.16,25.34,0.01,25.50,17.75,0.00,0.69,0.03,0.04,0.18,12.01,8.89<br>
Moroccan_North,13.61,0.33,24.13,0.00,26.53,15.06,0.11,0.30,0.43,0.27,0.41,9.87,8.94<br>
Moroccan_South,7.36,0.01,24.75,0.00,23.90,18.04,0.00,0.14,0.32,0.07,0.35,12.66,12.39<br>
Mozabite,10.30,0.16,24.17,0.02,26.45,15.66,0.01,0.45,0.09,0.01,0.08,10.48,12.13<br>
Nakhi,0.13,0.15,0.07,0.09,0.03,0.06,3.30,69.43,25.37,0.10,0.87,0.13,0.27<br>
Nanai,0.13,0.01,0.16,0.59,0.10,0.33,0.36,55.22,41.24,1.43,0.38,0.02,0.03<br>
Nogai,9.25,13.23,6.43,31.31,10.06,0.46,2.77,9.16,15.03,1.24,0.51,0.34,0.21<br>
North_Macedonian,23.12,20.72,20.37,10.94,20.81,2.30,0.26,0.36,0.34,0.42,0.31,0.03,0.03<br>
Norwegian,51.14,28.61,9.91,5.60,1.73,0.43,0.42,0.36,0.64,0.91,0.15,0.01,0.10<br>
Norwegian_Southcentral,50.83,28.97,9.61,4.78,1.91,0.62,0.94,0.11,0.63,0.68,0.56,0.13,0.23<br>
Oromo_Ethiopia,0.04,0.00,1.16,0.05,14.96,21.12,0.02,0.73,0.00,0.05,0.10,54.95,6.82<br>
Oroqen,0.01,0.75,0.14,0.03,0.03,0.00,0.27,27.38,70.00,1.28,0.10,0.01,0.00<br>
Ossetian,7.84,7.30,9.08,48.98,14.05,1.99,2.74,2.92,4.19,0.56,0.21,0.13,0.01<br>
Ossetian_North,6.39,11.93,7.27,48.78,14.62,1.38,1.74,2.27,4.59,0.62,0.30,0.06,0.05<br>
Palestinian,3.85,0.23,10.74,16.62,43.55,16.13,1.56,0.42,0.14,0.45,0.03,4.89,1.37<br>
Pamiri_Tajikistan,13.48,15.13,0,37.53,3.65,0.14,19.84,1.37,4.92,3.14,0.23,0.06,0.53<br>
Papuan,0.03,0.02,0.02,0.02,0.02,0.07,2.35,1.77,0.49,0.22,94.59,0.20,0.20<br>
Parsi_India,1.23,2.54,5.08,34.92,22.35,5.58,26.09,0.25,0.23,0.35,0.13,0.67,0.35<br>
Pashtun_Afghanistan,8.26,10.18,0.26,40.21,7.01,0.97,25.38,1.49,3.82,1.30,0.47,0.07,0.59<br>
Pashtun_Pakistan,3.25,10.13,0.23,37.28,4.70,0.50,39.03,0.27,2.24,1.74,0.17,0.09,0.39<br>
Paswan,0.22,0.80,1.23,17.44,0.98,0.98,71.66,3.04,0.45,0.67,1.65,0.25,0.63<br>
Persian_Eastcentral,3.29,4.79,3.67,39.54,25.33,5.16,15.06,0.17,1.02,0.62,0.51,0.37,1.89<br>
Persian_Hormozgan,1.22,5.00,1.58,39.40,17.21,4.19,19.92,0.00,0.19,1.09,0.71,2.73,6.66<br>
Pima,0.69,1.32,0.94,0.24,0.25,0.14,0.73,0.99,5.18,89.14,0.23,0.02,0.14<br>
Piramalai_Kallar,0.17,0.10,0.06,17.16,1.06,0.76,75.15,1.66,0.50,0.71,1.82,0.66,0.20<br>
Polish,30.43,45.49,10.42,5.43,3.74,1.24,0.96,0.11,0.29,0.84,0.26,0.51,0.28<br>
Polish_Greater_Poland,31.45,43.92,10.26,5.30,5.52,0.80,0.87,0.09,0.23,0.65,0.48,0.37,0.06<br>
Polish_Kujavia,31.83,45.41,9.95,4.66,3.33,1.47,1.02,0.20,0.79,0.93,0.00,0.41,0.00<br>
Polish_Lesser_Poland,31.00,43.23,11.15,5.26,5.63,0.55,0.47,0.06,0.80,0.85,0.57,0.29,0.16<br>
Polish_Mazovia,28.33,46.20,10.70,5.60,5.04,0.54,1.20,0.15,0.69,0.66,0.50,0.18,0.20<br>
Polish_Podlaskie,29.87,46.68,7.30,4.42,6.83,1.65,1.33,0.00,1.06,0.35,0.52,0.00,0.00<br>
Polish_Silesia,29.25,43.03,12.16,6.16,5.57,0.39,1.25,0.29,0.64,0.70,0.42,0.16,0.00<br>
Polish_South,30.66,42.03,11.08,6.56,6.22,0.35,1.02,0.45,0.97,0.07,0.25,0.12,0.22<br>
Polish_Subcarpathia,28.71,42.67,11.10,6.04,7.21,1.18,0.44,0.11,1.70,0.23,0.12,0.35,0.13<br>
Polish_Warmia-Masuria,32.51,44.26,10.88,4.19,3.27,0.95,1.21,0.16,1.06,0.51,0.33,0.29,0.39<br>
Pomak_Bulgaria,19.91,25.54,17.54,12.24,20.19,2.63,0.09,0.69,0.47,0.30,0.17,0.19,0.05<br>
Pomak_Greece,18.71,25.67,15.92,12.89,21.39,2.55,0.34,0.34,1.27,0.36,0.58,0.00,0.00<br>
Portuguese,38.54,11.51,25.32,2.43,13.90,3.63,0.42,0.14,0.25,0.44,0.67,1.72,1.04<br>
Roma_Balkans,9.73,9.53,12.55,16.84,18.44,2.86,26.43,1.28,0.92,0.27,0.61,0.45,0.09<br>
Romanian,23.71,26.24,17.13,10.25,17.33,1.90,0.64,0.60,1.07,0.54,0.38,0.11,0.10<br>
Romanian_North,25.18,30.90,15.24,8.99,14.12,1.63,0.84,0.55,1.29,0.54,0.44,0.16,0.11<br>
Romanian_Centre,24.25,26.42,17.14,10.01,16.88,1.85,0.60,0.58,1.10,0.58,0.38,0.10,0.10<br>
Romanian_South,22.69,24.72,17.67,10.97,18.57,2.05,0.63,0.64,1.03,0.49,0.34,0.11,0.10<br>
Russian,26.03,47.50,8.65,5.49,2.99,0.68,1.32,0.45,4.75,1.23,0.46,0.15,0.31<br>
Russian_Kargopol,24.92,48.36,7.52,5.54,1.50,0.04,2.49,0.23,6.67,1.70,0.23,0.53,0.26<br>
Russian_Kostroma,26.19,48.54,6.21,5.35,3.19,0.39,1.05,0.69,6.37,1.16,0.52,0.19,0.16<br>
Russian_North,26.52,49.43,5.57,4.65,1.14,0.51,0.99,0.44,8.60,1.19,0.47,0.17,0.34<br>
Russian_Pskov,27.00,53.07,7.78,4.50,1.25,1.69,0.54,0.03,1.87,0.73,0.58,0.45,0.50<br>
Russian_Ryazan,24.89,47.15,8.72,7.10,4.48,0.69,1.67,0.40,2.97,0.99,0.32,0.39,0.23<br>
Russian_Smolensk,28.16,48.47,8.74,5.82,3.83,1.69,1.38,0.17,0.85,0.43,0.38,0.06,0.01<br>
Russian_Southwest,25.94,46.84,8.96,5.59,6.50,0.98,0.99,0.72,1.85,0.81,0.27,0.37,0.19<br>
Russian_Tver-Yaroslavl,25.04,49.54,9.31,5.95,1.48,1.02,1.12,0.10,3.82,1.42,0.39,0.66,0.16<br>
Samaritan,1.69,0.36,16.45,18.39,45.52,13.82,0.98,0.08,0.10,0.00,0.26,2.35,0.00<br>
Sámi_Finland,23.07,47.80,0.02,2.11,0,1.50,0,0.85,21.77,2.22,0.67,0,0<br>
Sámi_Sweden,24.98,43.85,0.00,0.74,0.00,0.00,1.25,1.23,23.50,3.64,0.41,0.06,0.35<br>
San,0.09,0.03,0.02,0.63,0.11,0.19,0.07,0.01,0.02,0.03,0.68,39.70,58.43<br>
Sandawe,0.15,0.06,0.73,0.04,7.61,5.09,0.15,0.28,0.10,0.02,0.49,48.50,36.79<br>
Sardinian,23.14,1.64,49.58,0.38,22.02,2.41,0,0.13,0.03,0,0.31,0.26,0.1<br>
Saudi,0.17,0.18,5.91,10.01,42.83,34.20,1.72,0.34,0.09,0.11,0.19,4.08,0.17<br>
Scottish,51.52,23.38,12.78,6.39,2.50,0.48,1.17,0.15,0.28,0.66,0.34,0.19,0.10<br>
Selkup,1.71,25.06,0.00,3.81,0.00,0.00,2.68,0.95,59.32,6.05,0.40,0.00,0.02<br>
Serb,24.83,29.18,17.10,8.89,15.96,1.66,0.53,0.30,0.61,0.49,0.33,0.06,0.08<br>
She,0.14,0.16,0.08,0.15,0.05,0.23,0.30,84.56,14.06,0.08,0.03,0.07,0.10<br>
Shors,6.43,17.04,0.01,10.03,0.03,0.02,4.38,13.37,42.52,5.70,0.17,0.04,0.25<br>
Sibe,0.62,0.29,0.30,1.72,0.85,0.14,0.12,55.61,39.46,0.35,0.26,0.25,0.04<br>
Sindhi,3.30,3.82,0.06,39.57,3.85,0.51,45.20,0.17,0.58,1.41,0.43,0.48,0.62<br>
Slovak,30.84,37.18,12.99,6.3,8,1.09,1.03,0.39,0.58 ,0.73,0.53,0.15,0.21<br>
Slovene,31.98,34.42,14.67,6.14,9.29,1.04,0.83,0.12,0.54,0.33,0.29,0.10,0.25<br>
Somali,0.01,0.00,1.40,0.00,11.03,24.66,0.00,0.08,0.13,0.07,0.04,56.35,6.23<br>
Sorb,33.21,41.31,10.56,4.96,6.56,0.56,1.15,0.46,0.26,0.59,0.16,0.10,0.12<br>
Spanish_North,41.25,11.04,27.43,2.00,12.02,2.86,0.61,0.35,0.19,0.26,0.29,1.00,0.70<br>
Spanish_Central_&_South,39.82,9.43,27.65,2.80,13.94,2.67,0.56,0.34,0.31,0.39,0.26,1.14,0.70<br>
Sudanese,0.00,0.00,0.00,0.00,0.00,0.00,0.01,0.00,0.00,0.00,0.00,57.81,42.16<br>
Swedish,48.45,30.99,9.81,3.64,2.43,0.84,1.41,0.21,0.68,0.56,0.40,0.32,0.23<br>
Swedish_East-Svealand,46.74,34.13,8.85,3.92,1.19,0.53,0.97,0.27,1.69,0.86,0.56,0.19,0.12<br>
Swedish_Götaland,50.53,29.29,9.86,4.67,1.88,0.62,0.93,0.21,0.69,0.55,0.41,0.18,0.2<br>
Swedish_Norrland,44.53,36.23,6.25,3.95,0.66,0.40,1.26,0.39,4.94,0.62,0.60,0.09,0.14<br>
Swedish_West-Svealand,49.72,30.6,9.57,4.11,1.75,0.46,1.03,0.19,1.05,0.53,0.45,0.27,0.27<br>
Swiss_French,37.79,20.53,19.52,7.90,10.97,1.49,0.27,0.26,0.44,0.44,0.36,0.04,0.00<br>
Swiss_German,40.15,22.01,17.27,6.58,10.31,1.90,0.08,0.28,0.25,0.52,0.29,0.29,0.09<br>
Syrian,3.40,0.83,13.31,21.61,37.83,13.75,3.44,0.23,0.19,0.24,0.48,2.93,1.77<br>
Tabasaran,13.72,15.78,1.26,46.45,12.21,0.80,5.67,0.29,1.31,1.95,0.21,0.03,0.32<br>
Tajik_Afghanistan,5.44,8.27,2.43,34.16,9.07,1.03,18.67,7.39,10.83,1.54,0.27,0.28,0.62<br>
Tajik,9.77,12.89,0.80,36.11,9.68,0.61,14.46,4.67,7.87,2.21,0.34,0.37,0.22<br>
Tajik_Tajikistan,10.93,10.43,1.29,35.25,7.16,1.38,17.84,4.62,9.04,1.48,0.05,0.23,0.31<br>
Talysh,2.55,5.71,5.33,40.11,29.8,4.18,8.07,1.31,1.62,0.55,0.24,0.46,0<br>
Tatar_Crimea,13.17,20.04,7.55,16.36,8.88,1.83,3.23,10.25,16.40,1.28,0.47,0.27,0.21<br>
Tatar_Volga,18.88,34.62,5.85,11.66,3.85,0.90,2.68,3.12,15.56,2.00,0.28,0.13,0.46<br>
Tigrayan,0.09,0.01,2.17,0.02,22.70,26.62,0.00,0.00,0.01,0.00,0.26,45.95,2.16<br>
Torbesh,21.55,17.67,22.34,10.48,23.69,2.25,0.00,0.51,0.48,0.79,0.25,0.00,0.00<br>
Tujia,0.08,0.06,0.20,0.07,0.09,0.03,0.23,81.06,17.07,0.15,0.54,0.22,0.21<br>
Tunisian,9.41,1.02,22.23,0.71,30.54,14.99,0.01,0.26,0.35,0.00,0.39,9.20,10.88<br>
Turkish,6.02,5.27,11.79,32.45,28.56,4.17,3.28,2.55,4.58,0.43,0.44,0.26,0.14<br>
Turkish_Central-Black_Sea,5.57,5.29,11.47,31.63,27.5,4.32,2.57,3.81,6.75,0.59,0.3,0.02,0.08<br>
Turkish_Crete,15.92,13.82,17.01,15.12,26.39,4.34,0,1.98,2.4,0.21,0.19,1.76,0.87<br>
Turkish_Deliorman,18.24,21.24,14.61,15.55,19.50,2.61,1.05,2.57,3.74,0.41,0.51,0.17,0.15<br>
Turkish_East,5.37,4.44,10.98,35.86,29.82,4.02,4.85,1.19,2.15,0.61,0.25,0.3,0.13<br>
Turkish_East-Black_Sea,2,2.18,14.83,40.78,33.76,2.4,1.81,0.76,0.89,0.12,0.38,0,0<br>
Turkish_Eastcentral,6.5,6,11.05,29.12,29.7,4.14,3.61,2.42,5.93,0.55,0.53,0.18,0.21<br>
Turkish_Macedonia,19.58,18.64,16.77,13.73,23.61,2.80,0.68,1.01,2.18,0.21,0.36,0.21,0.24<br>
Turkish_Meskheti,1.28,2.96,12.66,45.51,29.35,3.41,2.82,1.13,0.09,0.06,0.4,0.3,0<br>
Turkish_Northwest,8.8,9.51,12.55,25.66,23.89,2.89,2.3,4.75,8.02,0.63,0.61,0.26,0.07<br>
Turkish_South,6.89,6.1,10.81,27.85,26.51,5.15,3.94,3.32,7.45,0.44,0.45,0.5,0.48<br>
Turkish_Southeast,5.41,4.3,10.44,34.23,30.39,4.93,4.07,1.77,3.24,0.35,0.32,0.36,0.12<br>
Turkish_Thrace,15.59,18.68,14.59,17.12,21.06,2.92,1.42,2.18,5.21,0.48,0.35,0.19,0.20<br>
Turkish_Westcentral,9.43,6.14,11.37,27.29,27.47,4.87,2.76,3.24,5.81,0.51,0.59,0.26,0.21<br>
Turkmen,7.21,5.91,2.52,32.73,19.76,1.31,11.21,6.87,10.08,1.88,0.32,0.08,0.11<br>
Turkmen_Afghanistan,7.16,12.65,3.08,22.29,7.92,0.41,8.31,10.56,24.77,1.32,0.69,0.23,0.63<br>
Turkmen_Iraq,4.43,2.1,8.05,35.26,31.26,7.43,5.96,2.1,0.91,0.63,0.22,0.67,0.98<br>
Turkmen_Uzbekistan,7.25,9.48,3.13,25.95,11.85,3.01,9.77,10.3,17.5,0.98,0.37,0.29,0.12<br>
Tuvan,2.35,7.30,0.57,4.02,0.24,0.55,1.60,23.23,56.57,2.50,0.71,0.05,0.29<br>
Udmurt,18.51,36.69,0.51,12.56,0.01,0.17,4.09,0.51,23.10,2.89,0.57,0.12,0.29<br>
Ukrainian,26.53,45.54,10.39,5.93,6.34,0.90,0.97,0.43,1.33,0.70,0.47,0.19,0.27<br>
Ukrainian_Carpathians,26.50,38.13,13.24,7.09,9.82,1.21,1.06,0.35,1.41,0.65,0.25,0.16,0.13<br>
Ukrainian_Galicia,27.87,39.97,12.58,7.17,7.51,1.27,1.03,0.33,1.17,0.57,0.37,0.09,0.07<br>
Ukrainian_North,26.50,45.84,10.23,5.88,6.40,0.84,1.04,0.49,1.19,0.67,0.46,0.23,0.23<br>
Ukrainian_Northwest,27.13,46.07,10.32,5.77,6.00,0.74,0.78,0.42,1.12,0.68,0.55,0.16,0.27<br>
Ukrainian_South,26.46,43.06,11.30,5.89,7.53,0.90,1.45,0.40,1.61,0.77,0.27,0.12,0.22<br>
Uttar_Pradesh_Hindu,2.94,3.28,1.36,15.83,0.42,0.72,69.02,2.79,1.41,0.69,0.98,0.31,0.26<br>
Uyghur,7.18,9.70,0.87,18.93,4.66,0.18,10.42,24.33,20.48,2.35,0.42,0.26,0.21<br>
Uzbek,8.55,11.84,2.11,23.96,8.12,0.77,9.98,13.84,18.76,1.66,0.15,0.09,0.17<br>
Velama,0.15,0.19,0.13,21.78,2.62,0.26,70.10,1.58,0.89,0.31,1.27,0.38,0.35<br>
Vietnamese,0.05,1.24,0.02,0.14,0.05,0.24,5.11,86.45,5.20,0.16,1.06,0.16,0.12<br>
Walloon,45.03,20.45,15.86,5.81,9.43,1.12,0.98,0.25,0.00,0.52,0.37,0.11,0.08<br>
Welayta,0.60,0.01,0.43,0.08,13.09,19.47,0.07,0.49,0.30,0.19,0.16,59.32,5.79<br>
Welsh,50.82,23.09,13.78,6.13,2.77,0.53,1.07,0.12,0.32,0.59,0.36,0.23,0.12<br>
Yaghnobi_Tajikistan,11.33,16.37,1.51,39.59,10.16,0.93,12.83,0.64,4.02,1.89,0.05,0.44,0.23<br>
Yakut,0.56,3.45,1.61,1.67,0.21,0.56,1.13,15.25,74.19,0.52,0.67,0.17,0.01<br>
Yi,0.04,0.03,0.04,0.08,0.01,0.10,3.29,70.41,23.74,0.48,1.45,0.13,0.20<br>
Yoruban,0.05,0.05,0.11,0.20,0.13,0.91,0.07,0.11,0.08,0.08,0.10,2.91,95.20<br>
Zaza,3.92,4.49,8.58,38.61,29.32,5.55,7.3,0.27,0.73,0.63,0.13,0.29,0.1</div>

    </div>
</body>
</html>