<!DOCTYPE html>
<html lang="en">
<head>
    <meta charset="UTF-8">
    <meta name="viewport" content="width=device-width, initial-scale=1.0">
    <title>HarappaWorld Updated</title>
    <link rel="stylesheet" href="style2.css">
    <script defer src="script.js"></script>
</head>
<body>
    <div id="link"><a href="index.html">Go back to the main page</a></div>
    <div id="button-div"><button id="button">Copy all</button><div id="textBox"></div></div>
    <div id="container">
<div id="content">Abhkasian,0.33,18.49,69.15,7.62,0.40,0.83,0.42,0.26,0.30,0.71,0.67,0.71,0.02,0.02,0.01,0.07
Adygei,0.53,18.38,56.60,16.37,0.58,3.10,1.01,0.30,0.53,0.67,1.70,0.23,0.00,0.00,0.00,0.00
Afar,0.29,0.00,8.49,0.04,0.45,0.48,0.41,0.18,0.10,0.49,4.46,31.62,0.04,52.93,0.00,0.00
African-American,0.44,1.67,0.94,9.11,0.34,0.10,0.12,0.18,1.18,0.26,6.21,0.40,1.02,2.00,2.86,73.15
African-Caribbean,0.22,0.80,0.82,4.31,0.15,0.07,0.10,0.09,0.15,0.08,3.23,0.41,1.24,0.69,1.95,85.69
Algeria,0.46,2.32,2.82,0.53,0.32,0.36,0.14,0.25,0.19,0.58,38.88,30.20,0.46,10.30,0.34,11.83
Altaian,0.63,9.39,3.08,11.35,0.36,39.67,28.24,0.41,2.00,3.19,1.49,0.15,0.00,0.00,0.01,0.01
Alur,0.01,0.00,0.00,0.00,0.00,0.00,0.00,0.06,0.00,0.00,0.00,0.00,1.10,38.22,17.71,42.89
Amhara,0.06,0.00,9.98,0.00,0.29,0.29,0.38,0.26,0.20,0.18,4.33,32.59,0.35,51.06,0.00,0.00
Andamanese_Onge,50.85,0.00,0.02,1.41,19.48,2.19,9.95,11.98,0.68,0.44,0.20,0.17,0.19,2.36,0.47,0.44
Anuak,0.00,0.00,0.00,0.00,0.00,0.00,0.00,0.00,0.00,0.00,0.00,0.00,0.00,85.85,1.53,12.60
Aonaga,5.39,0.00,0.00,0.00,1.52,7.26,84.05,1.31,0.45,0.00,0.00,0.00,0.00,0.00,0.00,0.00
Ari_Blacksmith,0.11,0.01,0.01,0.01,0.49,0.10,0.15,0.00,0.05,0.03,0.00,15.77,5.33,77.93,0.00,0.00
Ari_Cultivator,0.20,0.05,0.32,0.18,0.40,0.10,0.46,0.07,0.16,0.07,0.19,17.14,5.74,74.86,0.07,0.00
Armenian,0.41,17.07,57.29,5.35,0.10,0.29,0.16,0.26,0.22,0.23,8.21,10.40,0.00,0.01,0.00,0.00
Armenian2,2.12,18.25,46.35,3.32,0.13,0.72,0.92,1.63,0.07,0.62,10.29,14.55,0.57,0.35,0.11,0.00
Armenian3,0.52,17.65,56.61,2.95,0.13,0.09,0.09,0.27,0.18,0.20,8.40,12.91,0.00,0.00,0.00,0.00
Ashkenazi,0.87,5.36,33.87,19.33,0.48,0.49,0.63,0.16,0.19,0.25,24.00,13.60,0.14,0.46,0.15,0.03
Assyrian_North,0.7,18.5,48.2,2.2,0.2,0.1,0.1,0.3,0.2,0.2,10.4,18.8,0,0.1,0.1,0
Assyrian_South,0.9,17.9,47.5,2.1,0.3,0.1,0.1,0.3,0.2,0.3,10.8,19.1,0.1,0.2,0.1,0
Assyrian_West,0.5,17.4,48.1,2.3,0.2,0.1,0.1,0.3,0.2,0.2,11.5,18.9,0.1,0.1,0.1,0
Asur,72.09,6.32,0.00,0.00,16.53,1.32,0.00,2.17,0.02,0.95,0.59,0.00,0.02,0.00,0.00,0.00
Aus,10.66,0.00,0.65,3.57,6.43,0.13,2.58,72.57,0.00,1.28,1.82,0.01,0.29,0.00,0.00,0.00
Azerbaijani_Iran,2.93,21.97,40.39,7.06,0.79,2.46,2.63,0.21,0.58,0.67,7.92,12.03,0.01,0.44,0.09,0.05
Azerbaijani_Republic,2.01,21.87,41.46,8.99,0.71,2.12,1.94,0.45,0.38,0.71,7.51,11.42,0.10,0.56,0.50,0.48
Balkar,0.48,17.30,54.95,16.01,0.49,3.75,2.63,0.24,0.68,1.05,2.12,0.31,0.00,0.00,0.00,0.00
Baloch_Iran,12.27,36.97,26.81,6.47,0.18,1.04,0,0.20,0.18,0.46,0,11.39,0.17,1.14,0.50,2.26
Baloch_Pakistan,13.54,54.09,13.64,3.03,0.89,0.50,0.16,0.48,0.16,0.62,1.81,8.88,0.08,0.55,0.20,1.37
Bambaran,0.18,0.09,0.07,0.07,0.07,0.04,0.06,0.18,0.09,0.07,0.45,0.38,0.36,1.02,0.93,95.94
Bamoun,0.03,0.08,0.00,0.03,0.08,0.08,0.04,0.10,0.04,0.12,0.04,0.00,0.88,3.59,6.46,88.42
Bantu_Kenya,0.02,0.01,0.00,0.00,0.00,0.01,0.02,0.02,0.00,0.01,0.00,0.77,0.84,28.03,8.30,61.97
Bantu_South_Africa,0.00,0.00,0.00,0.00,0.00,0.00,0.00,0.03,0.00,0.00,0.00,0.00,16.73,5.58,5.63,72.02
Basque,0.14,7.59,0.72,32.67,0.04,0.06,0.01,0.09,0.13,0.05,58.28,0.21,0.00,0.00,0.00,0.00
Bedouin,0.32,4.71,21.40,2.08,0.08,0.17,0.20,0.19,0.20,0.16,7.01,55.60,0.15,4.85,0.34,2.52
Belorussian,0.65,5.50,9.95,64.48,0.51,0.72,0.37,0.23,0.22,0.04,16.09,1.23,0.01,0.00,0.00,0.00
Bengali_Brahmin,41.85,33.17,4.58,9.74,2.12,1.28,1.68,0.85,0.86,0.95,1.84,0.55,0.29,0.05,0.20,0.00
Bengali,47.15,27.17,2.29,4.48,6.23,2.08,5.09,1.27,0.75,1.16,1.35,0.69,0.12,0.13,0.03,0.00
Bhatia,24.64,45.65,12.22,11.08,0.13,0.83,1.16,0.13,2.00,0.00,0.48,1.66,0.00,0.01,0.00,0.00
Bhopal_Indo-Pashtun,30.48,34.36,11.68,9.76,1.24,0.44,1.32,0.00,1.52,1.56,3.52,3.12,0.00,0.68,0.00,0.32
Bhil,67.12,23.78,0.06,2.10,1.36,0.59,0.56,1.24,0.32,0.55,0.95,0.73,0.15,0.23,0.00,0.27
Bhunjia,73.39,0.50,0.00,0.75,19.56,2.31,0.00,1.93,0.74,0.81,0.00,0.00,0.00,0.00,0.00,0.00
Biaka_Pygmy,0.00,0.04,0.01,0.17,0.00,0.00,0.00,0.00,0.00,0.00,0.13,0.00,6.23,0.00,58.33,35.08
Bihari_Brahmin,39.13,37.51,4.73,10.59,0.00,0.00,2.13,1.29,1.40,0.04,2.67,0.49,0.00,0.00,0.00,0.00
Bihari_Kayastha,51.75,32.79,2.95,5.99,0.58,1.13,1.82,0.65,0.38,0.21,0.82,0.90,0.00,0.00,0.04,0.00
Bihari_Muslim,43.46,33.04,6.23,7.51,1.58,1.88,1.80,0.69,0.53,0.73,1.52,0.73,0.23,0.00,0.07,0.00
Bihari_Rajput,44.77,32.80,6.15,8.13,2.10,0.75,0.55,0.89,1.67,0.75,0.71,0.62,0.10,0.00,0.00,0.00
BMAC_Dzharkutan,9.64,48.04,34.57,0.02,0.00,0.13,0.00,0.07,1.34,0.27,0.00,4.78,0.00,0.00,0.14,0.99
Bolivian,0.25,0.83,1.22,2.20,0.05,0.12,0.06,0.05,90.06,0.13,3.70,0.81,0.09,0.18,0.05,0.19
Bonan,2.37,2.91,2.29,2.25,11.81,9.06,66.28,0.27,0.65,1.26,0.26,0.35,0.06,0.08,0.10,0.00
Bonda,63.20,0.00,0.00,0.00,31.91,1.90,0.00,2.47,0.13,0.39,0.00,0.00,0.00,0.00,0.00,0.00
Brahui,11.62,57.74,11.79,2.33,1.08,0.41,0.26,0.71,0.15,0.41,2.00,9.66,0.20,0.59,0.22,0.85
British,0.03,11.04,3.51,51.02,0.05,0.09,0.00,0.15,0.15,0.10,33.62,0.22,0.02,0.01,0.00,0.00
Brong,0.15,0.08,0.17,0.00,0.14,0.00,0.00,0.29,0.11,0.00,0.14,0.12,1.44,0.12,0.74,96.50
Bulala,0.12,0.15,0.00,0.10,0.00,0.02,0.05,0.10,0.01,0.07,0.12,0.25,0.00,54.65,1.22,43.14
Bulgarian,0.33,5.30,28.33,35.64,0.02,0.61,0.40,0.29,0.07,0.63,22.82,5.49,0.03,0.00,0.00,0.02
Burmanese,16.82,3.04,0.76,0.46,27.74,6.31,42.10,1.40,0.47,0.33,0.19,0.24,0.01,0.03,0.08,0.02
Burusho,23.25,40.96,11.65,10.12,0.52,2.71,7.55,0.66,1.21,1.06,0.05,0.21,0.00,0.04,0.01,0.00
Buryat,0.60,3.20,2.85,2.47,0.16,51.35,34.81,0.63,0.71,1.66,1.25,0.31,0.00,0.00,0.00,0.00
Buryat,1.27,3.14,2.99,1.90,0.91,48.41,36.86,0.40,1.40,1.27,0.90,0.38,0.11,0.02,0.02,0.02
Cambodian,11.15,0.69,0.89,0.50,70.80,3.37,9.53,1.72,0.38,0.39,0.18,0.33,0.02,0.03,0.02,0.00
Caribbean_Indian,51.26,30.28,3.66,5.44,1.53,0.50,1.52,0.86,0.89,0.70,1.91,0.16,0.00,0.00,0.01,1.28
Chamar,66.47,25.69,0.26,1.56,0.79,0.56,1.14,0.65,0.93,0.63,1.01,0.30,0.00,0.00,0.00,0.00
Chechen,0.15,22.44,51.00,20.05,0.40,1.89,0.62,0.30,0.91,0.70,0.87,0.67,0.00,0.00,0.00,0.00
Chenchu1,63.22,24.94,2.46,0.18,1.37,0.91,3.79,1.08,0.50,0.35,1.14,0.05,0.00,0.01,0.00,0.00
Chenchu2,68.63,15.48,2.78,3.96,4.21,0.91,1.77,0.37,1.10,0.25,0.35,0.00,0.01,0.07,0.03,0.08
Chinese,0.33,0.00,0.00,0.00,33.85,0.83,64.77,0.08,0.03,0.03,0.03,0.02,0.02,0.00,0.00,0.00
Chinese-American,0.05,0.05,0.03,0.06,29.98,0.88,68.48,0.06,0.07,0.18,0.06,0.01,0.00,0.01,0.00,0.06
Chukchi,0.02,0.38,0.74,4.68,0.06,11.63,0.05,0.08,1.21,79.85,1.14,0.17,0.00,0.00,0.00,0.00
Chuvash,0.67,9.13,6.95,50.13,0.56,17.46,2.15,0.27,0.77,3.50,6.79,1.60,0.01,0.01,0.00,0.00
Colombian1,0.31,5.13,5.65,17.45,0.21,0.31,0.13,0.36,26.36,0.44,32.51,3.90,0.20,0.72,0.43,5.89
Colombian2,0.29,3.99,5.40,15.25,0.28,0.32,0.08,0.30,33.38,0.44,27.55,3.55,0.17,0.78,0.38,7.85
Colombian3,0.00,0.02,0.00,0.07,0.00,0.00,0.01,0.00,99.66,0.00,0.11,0.00,0.00,0.01,0.00,0.12
Cypriot,0.24,7.44,48.86,5.55,0.13,0.09,0.09,0.37,0.04,0.13,19.13,17.39,0.02,0.42,0.04,0.07
Dai,0.20,0.02,0.00,0.00,70.68,0.27,28.33,0.28,0.01,0.20,0.00,0.00,0.00,0.00,0.00,0.00
Dai_Chinese,0.26,0.00,0.00,0.00,68.76,0.24,30.32,0.21,0.08,0.11,0.00,0.00,0.00,0.00,0.00,0.00
Dameli,20.79,39.89,18.46,14.41,0,2.06,0.85,0.27,1.01,0.96,0.7,0.59,0,0,0,0
Daur,0.27,0.30,1.15,0.20,3.35,32.43,59.51,0.41,0.26,1.56,0.28,0.28,0.01,0.00,0.00,0.00
Dharkar,52.85,34.12,1.07,4.97,1.07,0.75,0.85,0.41,0.49,0.64,2.25,0.53,0.00,0.00,0.00,0.00
Dhurwa,73.20,0.35,0.00,0.00,20.44,0.56,0.00,3.61,0.99,0.84,0.00,0.00,0.00,0.00,0.00,0.00
Dogon,0.03,0.01,0.00,0.01,0.11,0.03,0.01,0.05,0.09,0.05,0.21,0.81,0.06,0.78,0.22,97.53
Dolgan,1.14,1.81,2.15,10.23,0.77,68.99,10.01,0.09,0.45,1.34,2.30,0.67,0.04,0.00,0.00,0.00
Dominican,0.43,2.83,5.87,15.37,0.10,0.13,0.13,0.17,7.26,0.33,21.66,4.62,0.49,1.82,1.51,37.28
Dongxiang,2.43,3.98,5.35,2.91,13.10,9.42,60.28,0.09,1.40,0.58,0.21,0.23,0.00,0.00,0.00,0.01
Druze,1.71,5.04,58.26,1.88,0.10,0.08,0.04,0.41,0.33,0.18,8.91,21.23,0.07,1.17,0.16,0.44
Dusadh,59.69,31.36,0.64,1.99,1.51,0.26,1.23,0.83,0.20,0.70,1.18,0.41,0.00,0.00,0.00,0.00
East_Uttar_Pradesh_Brahmin,41.20,37.25,7.48,10.59,0.00,0.36,0.00,0.51,0.00,1.68,0.63,0.30,0.00,0.00,0.00,0.00
Ecuadorian,0.64,2.70,5.23,11.48,0.62,0.33,0.60,0.17,49.88,0.46,18.78,3.16,0.13,0.79,0.22,4.82
Egypt,1.02,2.55,28.48,0.76,0.14,0.26,0.10,0.42,0.23,0.25,16.60,32.75,0.08,11.30,0.54,4.53
Egyptian,0.26,3.06,30.48,0.36,0.27,0.14,0.11,0.35,0.19,0.29,12.84,33.11,0.26,12.42,0.15,5.69
Esomali,0.08,0.00,3.08,0.09,0.21,0.30,0.16,0.17,0.13,0.30,3.61,28.42,0.01,63.43,0.00,0.00
Ethiopian,0.15,0.04,6.14,0.00,0.19,0.05,0.05,0.31,0.05,0.10,3.78,34.54,2.72,50.84,0.91,0.13
Evenki,0.20,0.89,0.68,0.86,0.94,80.27,13.36,0.10,0.41,1.39,0.81,0.08,0.00,0.00,0.00,0.00
Fang,0.00,0.00,0.05,0.08,0.06,0.02,0.02,0.00,0.03,0.05,0.04,0.03,1.99,5.40,10.18,82.05
Farsiwan_Herat,11.09,30.57,26.33,10.48,0.14,3.63,3.40,0.40,1.23,1.25,3.56,7.35,0.02,0.52,0.01,0.15
Finnish,0.94,0.84,1.51,79.90,0.18,5.76,0.23,0.22,0.18,0.59,4.70,4.95,0.00,0.00,0.00,0.00
French,0.13,8.63,9.58,42.27,0.16,0.09,0.10,0.15,0.14,0.11,36.44,2.11,0.02,0.06,0.02,0.01
Fulani,0.24,0.13,0.00,0.00,0.03,0.29,0.23,0.27,0.08,0.52,18.54,10.42,0.10,10.42,0.07,58.67
Gadaba,64.79,0.00,0.00,0.00,29.93,0.93,0.00,3.86,0.13,0.34,0.00,0.00,0.00,0.00,0.00,0.00
Gangetic_Singapore,50.39,36.00,4.03,3.89,1.23,0.44,0.80,0.50,0.44,0.65,0.72,0.87,0.01,0.04,0.00,0.00
Garhwali_Brahmin,37.96,32.72,8.36,8.68,0.53,1.86,6.62,0.46,1.05,0.54,1.25,0.00,0.00,0.00,0.00,0.00
Garo,20.04,0.00,0.30,0.00,26.33,6.36,44.79,1.33,0.28,0.38,0.00,0.11,0.06,0.00,0.00,0.00
Gawar,29.77,42.48,14.22,7.77,0.07,0.73,0.78,0.58,0.47,0.99,2.09,0,0,0.08,0,0
Georgian1,0.29,17.46,71.97,6.38,0.12,0.33,0.23,0.32,0.24,0.37,1.10,1.16,0.02,0.00,0.00,0.00
Georgian2,0.05,19.93,62.40,6.08,0.40,0.26,0.79,0.55,0.18,0.86,1.83,6.38,0.22,0.06,0.00,0.00
Goan,47.75,38.65,5.73,3.79,0.00,0.00,1.06,0.84,0.00,1.21,0.96,0.00,0.00,0.00,0.00,0.00
Gond,65.87,16.97,1.19,2.28,8.87,1.06,0.23,1.83,0.09,0.90,0.48,0.22,0.00,0.00,0.00,0.00
Great_Andamanese,47.64,4.35,1.55,2.66,16.39,4.29,8.99,7.71,0.63,1.94,0.64,1.24,0.29,1.37,0.30,0.00
Greenlander_East,0.00,0.62,0.77,9.05,0.00,0.00,0.00,0.02,9.16,76.78,3.60,0.00,0.00,0.00,0.00,0.00
Greenlander_West,0.02,1.99,1.19,21.48,0.00,0.00,0.00,0.01,8.51,56.97,9.30,0.53,0.00,0.00,0.00,0.00
Gujarati_Bania,48.08,37.13,5.01,4.67,0.42,0.47,0.59,0.61,0.61,0.57,0.88,0.69,0.03,0.06,0.04,0.15
Gujarati_Brahmin,36.70,37.35,8.93,11.16,0.19,0.96,0.31,0.36,0.84,0.67,1.22,0.96,0.07,0.18,0.09,0.02
Gujarati_Khoja_Sheikh,27.68,47.15,13.61,6.46,0.00,0.00,2.46,0.78,0.21,0.28,0.00,0.85,0.00,0.00,0.00,0.46
Gujarati_Koli,57.63,30.71,1.80,2.01,1.46,0.61,0.96,1.06,0.71,0.53,1.08,1.13,0.11,0,0.05,0.13
Gujarati_Muslim,37.76,34.27,12.56,4.72,0.86,0.54,0.72,0.73,0.79,0.54,1.83,4.04,0.15,0.13,0.10,0.25
Gujarati_Patel,51.83,39.52,2.45,2.54,0.24,0.31,0.40,0.36,0.39,0.54,0.61,0.69,0.04,0.03,0.02,0.02
Gujarati_Rajput,41.53,35.29,6.88,8.66,0.46,0.60,1.03,0.40,0.97,0.96,1.66,1.18,0.06,0.06,0.10,0.14
Gujjar_Swat,31.39,42.24,12.71,8.70,0.15,0.88,0.40,0.10,0.60,0.65,0.18,1.71,0.03,0.02,0.15,0.08
Gurung,14.41,3.31,0.26,0.06,5.05,9.48,63.37,1.81,0.63,1.05,0.23,0.00,0.26,0.08,0.00,0.01
Gumuz,0.10,0.15,0.00,0.06,0.52,0.00,0.21,0.00,0.11,0.00,0.00,1.92,0.93,93.27,2.70,0.03
Hadza,0.37,0.28,0.14,2.49,2.59,0.22,0.02,0.00,0.06,0.03,0.02,5.40,14.30,58.80,9.00,6.27
Hakkipikki,70.22,20.99,1.83,0.46,1.13,0.41,1.01,1.10,0.08,1.28,0.05,1.43,0.00,0.00,0.00,0.00
Hallaki,61.97,28.00,3.08,1.08,1.12,0.18,1.00,0.32,0.11,0.79,1.48,0.72,0.02,0.07,0.00,0.06
Han,0.06,0.03,0.03,0.04,32.85,0.77,65.95,0.06,0.07,0.11,0.02,0.01,0.00,0.00,0.00,0.00
Han_Beijing,0.26,0.18,0.10,0.16,18.78,3.41,76.33,0.14,0.19,0.29,0.08,0.06,0.00,0.00,0.00,0.01
Han_Chongqing,0.03,0.12,0.08,0.00,32.94,1.53,64.73,0.37,0.00,0.05,0.13,0.02,0.00,0.00,0.00,0.00
Han_Fujian,0.00,0.12,0.00,0.01,34.03,0.13,65.23,0.11,0.00,0.38,0.00,0.00,0.00,0.00,0.00,0.00
Han_Guangdong,0.04,0.00,0.00,0.00,44.19,0.25,55.17,0.00,0.00,0.13,0.00,0.12,0.01,0.08,0.00,0.00
Han_Henan,0.14,0.40,0.29,0.64,14.84,6.09,76.35,0.30,0.48,0.12,0.27,0.06,0.01,0.01,0.00,0.00
Han_Hubei,0.04,0.11,0.00,0.00,27.50,2.18,69.29,0.12,0.28,0.46,0.00,0.01,0.01,0.00,0.00,0.00
Han_Jiangsu,0.11,0.01,0.03,0.00,20.97,3.54,74.88,0.07,0.04,0.25,0.01,0.08,0.00,0.00,0.00,0.00
Han_North_China,0.63,0.59,0.83,0.52,12.39,5.95,77.89,0.28,0.32,0.30,0.07,0.22,0.00,0.00,0.00,0.00
Han_Shandong,0.40,0.14,0.12,0.18,16.35,5.56,76.02,0.31,0.59,0.21,0.04,0.01,0.01,0.04,0.01,0.02
Han_Shanghai,0.00,0.77,0.20,0.00,19.26,2.97,76.54,0.00,0.26,0.00,0.00,0.00,0.00,0.00,0.00,0.00
Han_Shanxi,0.70,0.17,0.40,0.63,13.47,7.47,75.29,0.34,0.45,0.64,0.41,0.02,0.00,0.00,0.02,0.00
Han_Sichuan,0.41,0.00,0.00,0.01,30.08,2.69,65.71,0.23,0.27,0.49,0.02,0.05,0.00,0.02,0.01,0.00
Han_Singapore,0.10,0.06,0.00,0.00,36.36,0.08,63.18,0.07,0.05,0.06,0.00,0.01,0.00,0.00,0.00,0.02
Han_South_China,0.04,0.00,0.00,0.01,33.47,0.30,65.91,0.05,0.07,0.13,0.00,0.01,0.00,0.00,0.00,0.00
Han_Zhejiang,0.18,0.07,0.00,0.00,25.25,1.68,72.42,0.08,0.20,0.08,0.00,0.02,0.00,0.00,0.01,0.02
Haryana_Jatt,26.56,37.23,9.32,17.68,0.14,0.90,0.20,0.86,1.81,1.21,3.25,0.45,0.11,0.00,0.28,0.00
Haryana_Rajput,37.90,36.40,11.94,6.60,0.89,1.12,0.84,0.40,0.68,1.02,1.16,0.83,0.24,0.00,0.00,0.00
Haryana_Ror,25.73,35.80,10.92,19.55,0,1.57,0,0.38,1.43,0.36,3.64,0.54,0.10,0,0,0
Hausa,0.07,0.16,0.16,0.00,0.00,0.00,0.02,0.14,0.06,0.05,0.25,0.12,0.30,3.98,1.25,93.44
Hazara_Bamyan,7.18,14.67,11.76,9.33,1.11,18.62,28.33,0.65,0.59,2.46,2.95,2.15,0.03,0.11,0.00,0.07
Hazara_Ghazni,7.34,17.61,12.22,9.23,1.41,15.26,28.38,0.61,1.25,1.58,2.75,2.02,0.00,0.00,0.00,0.02
Hazara_Kabul,7.03,17.93,14.19,8.95,1.78,15.37,25.02,0.31,1.28,2.21,3.38,2.49,0.00,0.20,0.00,0.00
Hazara_Quetta,6.35,19.64,12.56,8.98,1.02,18.32,27.61,0.57,0.91,0.75,1.82,1.44,0.02,0.00,0.02,0.00
Hema,0.02,0.06,0.76,0.51,0.01,0.00,0.03,0.20,0.12,0.34,0.37,8.01,3.41,41.93,6.30,37.93
Hezhen,0.43,0.25,0.08,0.16,4.28,31.33,60.17,0.39,0.12,2.79,0.00,0.01,0.00,0.00,0.00,0.00
Himachal_Brahmin,36.67,33.28,11.27,9.34,0.94,2.55,1.23,1.19,0.57,1.71,0.00,1.25,0.00,0.00,0.00,0.00
Himachal_Rajput,39.73,33.58,9.99,3.61,1.59,1.41,6.37,0.70,2.80,0.48,0.00,0.00,0.00,0.00,0.00,0.00
Hindkowan_Tanoli,29.69,39.00,13.32,8.74,1.07,2.40,1.63,0.00,0.73,0.79,0.72,1.91,0.02,0.00,0.00,0.00
Ho,69.50,0.94,0.21,0.11,23.41,1.85,0.00,3.02,0.30,0.56,0.00,0.00,0.07,0.00,0.02,0.00
Hungarian,0.35,7.14,14.74,48.96,0.20,0.65,0.17,0.15,0.38,0.42,24.28,2.52,0.02,0.02,0.00,0.01
Hyderabad_Muslim,51.98,31.89,6.59,2.25,0.98,1.40,1.13,0.40,0.90,0.19,1.00,1.21,0.00,0.00,0.08,0.00
Iban,5.30,0.02,0.12,0.09,87.29,3.59,0.30,2.41,0.12,0.34,0.02,0.05,0.15,0.06,0.10,0.04
Igbo,0.00,0.22,0.15,0.01,0.05,0.00,0.08,0.23,0.07,0.03,0.14,0.09,1.13,0.47,1.94,95.38
Iranian_Bandari,10.48,34.69,27.47,5.55,0.59,0.23,0.00,0.61,0.52,0.16,1.65,11.03,0.26,2.01,0.94,3.82
Iranian_Kerman,5.45,29.92,34.44,7.18,0.75,0.77,0.21,0.52,1.01,0.70,6.01,11.81,0.88,0.42,0.00,0.18
Iranian_Khuzestan,5.90,26.92,39.29,4.74,0.15,0.79,0.60,0.30,0.60,0.17,5.48,13.25,0.10,0.35,0.15,1.20
Iranian_Lur,3.95,26.84,40.31,4.66,0.30,1.03,0.31,0.37,0.19,0.83,5.93,14.58,0.15,0.26,0.12,0.16
Iranian_Mashhad,7.25,27.32,33.01,8.49,0.52,1.72,2.60,0.47,0.69,0.55,6.40,9.96,0.11,0.17,0.09,0.07
Iranian_Shamal,5.11,32.76,43.52,3.90,0.38,0.43,0.27,0.26,0.47,0.20,1.72,10.33,0.21,0.13,0.16,0.13
Iranian_Shiraz,5.89,27.38,36.51,5.86,0.37,1.18,0.59,0.46,0.76,0.53,4.92,13.82,0.18,0.78,0.55,0.25
Iranian1,3.93,27.42,38.80,4.14,0.47,0.95,0.52,0.39,0.34,0.48,4.98,15.08,0.14,0.81,0.30,1.26
Iranian2,3.69,27.14,40.66,5.33,0.54,1.80,1.49,0.65,0.39,1.11,5.17,11.35,0.21,0.30,0.14,0.03
Iraq_Arab,3.80,18.72,37.81,2.05,0.18,0.92,0.97,0.77,0.17,0.76,8.03,21.89,0.48,2.33,0.57,0.56
Iraq_Domari,25.65,26.94,21.68,3.08,1.02,0.3,0,0.83,0.31,0.94,3.32,10.63,0.20,1.86,0.19,3.11
Iraq_Mandaean,0.84,20.18,47.80,0.00,0.06,0.00,0.00,0.18,0.59,0.60,7.08,22.21,0.00,0.45,0.00,0.00
Irula,83.22,0.86,12.55,0.34,0.19,0.68,0.19,0.48,0.53,0.87,0.00,0.03,0.07,0.00,0.00,0.00
Italian,0.27,5.09,22.17,29.12,0.07,0.02,0.03,0.15,0.14,0.18,37.19,5.55,0.00,0.01,0.01,0.00
Jammu_Brahmin,33.32,37.43,11.95,10.91,0.95,0.96,0.79,0.38,0.89,1.26,0.50,0.61,0.00,0.00,0.00,0.13
Jammu_Rajput,33.59,38.44,12.86,8.74,0.07,0.10,0.28,0.64,1.23,0.82,2.28,0.46,0.00,0.00,0.11,0.38
Japanese1,0.03,0.00,0.00,0.00,0.00,0.65,98.91,0.40,0.00,0.00,0.00,0.00,0.00,0.00,0.00,0.00
Japanese2,0.13,0.01,0.00,0.00,0.03,0.41,99.02,0.33,0.04,0.02,0.00,0.01,0.00,0.00,0.00,0.00
Japanese3,1.06,0.00,0.00,0.00,11.19,11.29,74.48,0.72,0.17,1.07,0.00,0.00,0.00,0.00,0.00,0.00
Japanese4,1.52,0.05,0.46,0.24,0.42,1.15,94.90,0.20,0.00,0.02,0.05,0.31,0.13,0.12,0.05,0.38
Jew_Ashkenazi,0.69,6.61,34.46,15.63,0.38,0.71,0.40,0.38,0.28,0.28,24.14,14.88,0.16,0.88,0.07,0.07
Jew_Azerbaijan,0.90,17.34,53.58,1.42,0.30,0.43,0.00,0.19,0.40,0.28,8.01,17.02,0.04,0.08,0.03,0.00
Jew_Bene_Israel,34.93,26.16,21.28,1.09,0.24,0.48,0.32,0.81,0.24,0.83,4.67,8.08,0.11,0.49,0.12,0.16
Jew_Cochin,43.87,31.21,10.37,1.38,2.07,0.47,0.58,0.73,0.48,0.29,3.06,5.36,0.01,0.10,0.02,0.01
Jew_Ethiopia,0.05,0.03,6.46,0.00,0.12,0.10,0.04,0.26,0.08,0.12,4.10,35.35,2.69,50.04,0.48,0.10
Jew_Georgia,0.34,15.80,52.14,2.36,0.51,0.12,0.04,0.12,0.42,0.30,7.96,19.42,0.00,0.46,0.00,0.00
Jew_Iran,0.47,18.93,49.60,0.00,0.50,0.20,0.33,0.15,0.19,0.22,7.06,21.97,0.04,0.26,0.07,0.00
Jew_Iraq,0.54,17.27,48.77,0.15,0.30,0.00,0.00,0.36,0.13,0.05,8.65,23.57,0.02,0.17,0.02,0.00
Jew_Morocco,0.86,6.36,32.76,8.33,0.16,0.04,0.06,0.13,0.10,0.15,27.54,20.00,0.22,1.96,0.06,1.26
Jew_Sephardic,0.79,6.61,36.38,9.22,0.18,0.33,0.09,0.28,0.10,0.15,25.60,18.42,0.10,1.07,0.19,0.49
Jew_Uzbekistan,1.44,20.59,46.03,3.99,0.22,0.42,0.16,0.70,0.29,0.25,7.41,18.31,0.00,0.19,0.00,0.00
Jew_Yemen,0.78,1.53,35.81,0.03,0.15,0.07,0.00,0.27,0.14,0.12,5.87,50.72,0.17,4.34,0.03,0.00
Jordanian,0.59,9.43,38.85,1.22,0.24,0.22,0.50,0.31,0.21,0.43,11.89,28.28,0.15,5.05,0.27,2.36
Juang,62.99,0.00,0.00,0.00,31.43,2.23,0.00,3.07,0.00,0.26,0.00,0.00,0.00,0.00,0.00,0.00
Kaba,0.08,0.00,0.00,0.04,0.15,0.01,0.00,0.13,0.04,0.04,0.00,0.00,0.42,14.33,4.22,80.52
Kalash,21.64,43.46,18.36,10.64,0.11,1.84,0.00,0.57,1.33,1.77,0.00,0.00,0.27,0.00,0.01,0.00
Kalash_Muslim,20.82,40.84,19.35,13.90,0.09,1.35,0.43,0.28,1.51,1.03,0.14,0.24,0.02,0.00,0.01,0.01
Kamsali,65.55,26.78,1.08,0.00,1.15,0.58,1.63,1.00,0.52,0.84,0.00,0.70,0.00,0.13,0.02,0.00
Kamboh,27.06,37.51,16.49,11.38,0.36,0.91,0.41,0.25,1.04,0.80,1.58,2.18,0.00,0.02,0.02,0.01
Kanjar,54.51,33.36,0.80,5.64,0.75,0.42,1.30,0.41,0.47,0.68,1.59,0.07,0.00,0.00,0.00,0.00
Kannadiga_Brahmin,46.40,35.71,6.24,5.90,1.07,0.41,0.37,0.48,0.64,0.90,0.72,0.84,0.10,0.12,0.04,0.05
Kannadiga_Bunt,51.53,34.49,5.61,2.56,0.88,0.30,0.67,0.84,0.19,0.35,0.68,1.38,0.10,0.29,0.03,0.10
Kannadiga_Gowda,53.59,36.87,3.81,0.44,0.63,0.66,0.66,0.68,0.37,0.54,0.16,1.30,0.21,0.00,0.09,0.00
Karakalpak,2.81,10.76,11.65,15.49,1.72,22.05,24.89,0.52,1.20,2.88,4.25,1.69,0.04,0.03,0.02,0.01
Karitiana,0.00,0.00,0.00,0.00,0.00,0.00,0.03,0.00,99.95,0.00,0.00,0.00,0.00,0.00,0.00,0.00
Kashmiri_Muslim,32.43,37.19,13.70,8.73,0.48,1.19,1.86,0.57,1.35,0.93,0.42,0.86,0.03,0.04,0.04,0.07
Kashmiri_Pandit,31.86,37.22,13.78,9.41,0.55,0.97,2.00,0.18,1.27,1.00,0.63,0.79,0.02,0.10,0.15,0.05
Kazakh,2.22,10.15,7.81,14.16,0.20,28.50,29.16,0.01,1.67,1.91,3.85,0.36,0.00,0.00,0.00,0.00
Ket,0.00,7.35,0.00,21.60,0.11,57.48,1.51,0.04,4.01,7.90,0.00,0.00,0.00,0.00,0.00,0.00
Kharia1,67.68,0.52,0.00,0.70,25.90,0.83,0.00,3.25,1.02,0.00,0.00,0.00,0.09,0.00,0.00,0.00
Kharia2,69.06,0.30,0.26,0.01,24.74,1.28,0.00,2.35,0.31,0.48,0.39,0.22,0.16,0.14,0.04,0.27
Khasi,30.29,4.53,1.84,2.49,29.00,5.11,23.37,1.78,0.79,0.58,0.08,0.00,0.10,0.00,0.03,0.00
Khmer_Cambodia,13.48,0.00,0.48,0.83,62.64,2.17,17.01,1.39,0.36,0.59,0.10,0.00,0.04,0.43,0.47,0.00
Kho,18.65,35.85,18.20,16.45,0.09,2.81,2.82,0.14,1.70,1.34,0.84,1.07,0.01,0,0.02,0
Kinh,1.98,0.28,0.04,0.03,61.62,0.50,34.66,0.40,0.14,0.25,0.03,0.05,0.00,0.00,0.00,0.00
Kirat_Rai,8.65,0.30,0.18,0.00,4.53,10.20,73.25,1.14,0.96,0.11,0.00,0.00,0.00,0.00,0.34,0.32
Kohistani,28.02,39.15,15.23,9.44,0.29,1.68,2.20,0.26,1.39,0.78,0.11,1.18,0.04,0.06,0.08,0.10
Kol,61.20,29.76,1.13,2.63,0.91,0.38,1.40,0.53,0.46,0.75,0.74,0.11,0.00,0.00,0.00,0.00
Kongo,0.04,0.00,0.00,0.00,0.00,0.02,0.07,0.08,0.02,0.03,0.00,0.00,0.58,5.15,8.48,85.52
Koryak,0.02,0.80,0.96,5.23,0.00,20.37,0.87,0.00,0.01,70.13,1.60,0.01,0.00,0.00,0.00,0.00
Kumyk,0.38,21.20,47.50,16.16,0.57,3.73,2.85,0.36,0.67,0.61,2.82,3.12,0.00,0.00,0.03,0.00
Kung,0.00,0.00,0.00,0.09,0.00,0.00,0.05,0.06,0.04,0.09,0.00,0.03,74.19,2.25,3.50,19.70
Kurd1,3.01,25.64,41.13,4.69,0.43,1.29,0.58,0.81,0.62,0.87,6.38,13.37,0.38,0.55,0.24,0.00
Kurd2,0.75,27.90,44.12,4.87,0.30,0.57,0.28,0.39,0.75,0.51,4.86,13.94,0.12,0.32,0.13,0.19
Kurd3,1.56,26.52,45.34,5.55,0.32,0.49,0.58,0.38,0.38,0.19,5.67,12.81,0.09,0.05,0.07,0.00
Kurmi,53.03,36.52,3.25,2.74,0.70,0.00,1.72,0.38,1.45,0.00,0.20,0.00,0.00,0.00,0.00,0.00
Kurumba1,60.71,31.25,2.72,0.34,0.64,1.03,0.38,0.97,0.33,0.55,0.32,0.75,0.00,0.00,0.00,0.00
Kurumba2,70.26,19.55,1.87,0.08,1.83,0.71,1.15,1.83,0.21,0.92,0.29,0.82,0.00,0.10,0.17,0.23
Kyrgyz1,1.91,8.33,7.67,10.57,0.92,29.87,33.67,0.25,1.59,1.90,2.65,0.39,0.00,0.01,0.00,0.26
Kyrgyz2,1.86,9.25,7.54,10.93,1.29,29.72,31.73,0.90,1.42,1.94,1.31,1.63,0.09,0.20,0.11,0.09
Lahu,2.87,0.00,0.00,0.00,55.19,3.38,37.41,0.78,0.12,0.24,0.00,0.00,0.00,0.00,0.00,0.00
Lambadi,52.10,33.81,3.78,2.84,1.71,0.04,2.50,0.57,0.00,0.47,2.18,0.00,0.00,0.00,0.00,0.00
Lebanese,0.54,10.84,41.42,2.87,0.61,0.58,0.61,0.33,0.24,0.21,13.09,23.47,0.19,3.35,0.14,1.49
Lebanese_Christian,0.36,9.86,49.26,0.10,0.34,0.45,0.32,1.06,0.50,0.72,11.66,22.86,0.66,1.63,0.23,0.00
Lebanese_Druze,0.76,10.65,49.86,0.35,0.44,0.46,0.20,1.27,0.47,1.07,10.58,20.74,0.54,1.93,0.51,0.17
Lebanese_Muslim,0.95,10.98,45.29,1.55,0.35,0.98,0.44,1.08,0.65,1.11,10.71,20.83,0.66,3.16,0.60,0.67
Lezgin,0.02,28.15,46.69,20.10,0.14,1.05,0.32,0.14,0.92,0.84,0.74,0.88,0.02,0.01,0.00,0.00
Libya,0.45,1.09,10.75,0.81,0.37,0.36,0.22,0.27,0.36,0.47,26.54,38.71,0.10,10.73,0.36,8.40
Lithuanian,0.05,6.80,4.54,71.67,0.16,0.30,0.02,0.38,0.05,0.42,15.27,0.34,0.00,0.00,0.00,0.00
Lodi,59.02,31.70,1.26,2.96,1.40,0.05,0.88,0.56,0.28,0.34,1.41,0.07,0.00,0.00,0.00,0.07
Luhya1,0.06,0.01,0.01,0.00,0.00,0.00,0.00,0.03,0.03,0.00,0.00,0.00,0.62,29.85,8.36,61.02
Luhya2,0.01,0.01,0.03,0.00,0.01,0.01,0.01,0.02,0.01,0.00,0.01,0.02,0.51,29.46,8.47,61.43
Maasai1,0.13,0.39,0.37,0.09,0.00,0.02,0.01,0.05,0.01,0.02,0.12,12.86,3.22,71.26,3.00,8.45
Maasai2,0.20,0.39,0.12,0.09,0.05,0.01,0.01,0.09,0.03,0.04,0.17,12.73,3.08,68.28,3.31,11.41
Mada,0.00,0.00,0.00,0.00,0.00,0.00,0.00,0.12,0.02,0.01,0.00,0.00,0.01,32.61,1.45,65.77
Madiga,69.83,24.12,0.00,0.00,1.68,0.31,1.08,0.85,0.43,0.45,0.16,0.00,0.16,0.42,0.00,0.51
Maharashtra_Brahmin,46.03,35.82,5.38,5.57,0.62,0.85,0.98,0.90,0.67,0.95,0.92,0.99,0.14,0.10,0.08,0.00
Makrani,10.29,53.84,14.77,1.56,0.70,0.37,0.16,0.52,0.22,0.20,1.49,10.70,0.12,1.06,0.49,3.50
Mala,72.93,20.65,0.60,0.14,1.70,1.25,0.19,1.22,0.43,0.28,0.00,0.45,0.10,0.00,0.00,0.06
Malayali_Brahmin,45.21,36.68,6.78,5.87,0.88,0.69,0.38,0.43,0.80,0.43,0.55,1.1,0.02,0.08,0.04,0.04
Malayali_Christian,49.21,34.86,6.42,2.20,1.03,0.53,1.02,1.04,0.58,0.50,0.48,1.82,0.05,0.11,0.08,0.07
Malayali_Knanaya,45.12,34.37,9.92,1.61,1.97,0.31,0.72,0.62,0.29,0.28,0.23,3.99,0.07,0.10,0.05,0.04
Malayali_Muslim,51.58,31.46,3.02,1.70,2.56,0.75,2.32,1.61,0.96,0.56,0.35,2.61,0.52,0.00,0.00,0.00
Malayali_Nair,47.77,36.45,6.63,3.25,0.68,0.52,0.57,0.82,0.65,0.44,0.40,1.54,0.10,0.06,0.05,0.07
Malayali_Thiyya&Ezhava,53.81,34.27,4.36,1.22,0.52,0.39,1.12,0.90,0.09,0.58,0.67,1.18,0.23,0.25,0.33,0.07
Malay_Singapore,10.53,1.17,0.87,0.33,72.05,3.48,6.38,3.79,0.41,0.43,0.18,0.29,0.02,0.04,0.01,0.02
Malayan1,79.06,8.31,0.92,0.00,3.02,2.04,0.67,3.44,0.70,0.67,0.00,0.84,0.01,0.33,0.00,0.00
Malayan2,75.49,9.50,1.44,1.16,5.14,1.01,0.68,2.50,0.99,1.39,0.69,0.00,0.00,0.00,0.00,0.00
Mandenka,0.04,0.00,0.01,0.00,0.02,0.00,0.01,0.16,0.02,0.01,0.33,1.62,1.13,3.44,0.72,92.49
Maratha,55.23,31.82,2.86,2.96,1.45,0.61,1.03,1.00,0.38,0.62,0.78,1.02,0.04,0.07,0.07,0.05
Mawasi,69.35,4.21,0.90,0.00,19.85,1.24,0.00,2.48,0.26,1.69,0.00,0.00,0.00,0.00,0.00,0.00
Maya,0.05,0.66,0.39,1.71,0.21,0.69,0.25,0.18,89.60,1.25,3.12,0.76,0.05,0.18,0.12,0.78
Mazandarani,5.33,32.64,43.13,3.89,0.29,0.42,0.38,0.20,0.39,0.41,2.17,10.07,0.15,0.09,0.25,0.19
Mbuti_Pygmy,0.00,0.00,0.00,0.00,0.00,0.00,0.00,0.00,0.00,0.00,0.00,0.00,0.00,0.01,99.97,0.01
Meena,42.04,41.36,4.84,5.66,1.38,0.16,0.00,0.00,1.41,0.21,2.64,0.29,0.00,0.00,0.00,0.00
Meghawal1,52.70,34.92,4.42,2.97,0.41,1.09,0.00,0.75,1.25,0.00,0.14,1.34,0.00,0.00,0.00,0.00
Meghawal2,45.46,37.49,4.93,6.10,0.70,1.11,0.18,0.81,0.35,0.59,0.87,1.06,0.00,0.12,0.06,0.18
Melanesian,0.00,0.00,0.00,0.00,20.78,0.45,0.93,77.72,0.02,0.09,0.00,0.00,0.00,0.00,0.00,0.00
Mexican1,0.49,3.40,5.68,12.48,0.54,0.69,0.60,0.26,46.36,1.42,20.31,3.37,0.24,0.59,0.28,3.30
Mexican2,1.73,4.67,8.37,16.44,0.41,0.00,0.19,0.21,27.42,2.42,26.23,3.69,0.24,0.20,0.59,7.19
Miao,0.03,0.00,0.00,0.00,37.31,0.98,61.23,0.24,0.13,0.08,0.00,0.00,0.00,0.00,0.00,0.00
Moldova_North,0.28,7.97,18.24,43.97,0.34,1.42,0.37,0.26,0.27,0.33,22.19,4.24,0.03,0.02,0.05,0.00
Moldova_Centre,0.76,7.69,19.65,41.28,0.16,1.13,0.58,0.18,0.42,0.51,22.96,4.52,0.04,0.01,0.06,0.05
Moldova_South,0.40,8.27,20.66,37.94,0.14,1.70,0.43,0.35,0.24,0.22,23.86,5.43,0.14,0.14,0.07,0.00
Mongola,0.47,1.57,1.43,1.33,7.18,23.16,62.18,0.24,0.61,1.04,0.62,0.17,0.00,0.00,0.00,0.00
Mongolian,0.87,5.07,4.68,5.92,0.34,37.61,39.26,0.45,1.28,2.07,2.06,0.38,0.00,0.00,0.00,0.00
Mordovian,0.78,8.13,9.00,60.67,0.58,5.83,0.46,0.18,0.47,1.25,11.96,0.70,0.00,0.00,0.00,0.00
Moroccan,0.90,0.30,3.71,0.58,0.07,0.20,0.08,0.21,0.19,0.05,35.13,32.21,0.00,10.61,0.02,15.75
Morocco_N,0.70,1.15,1.69,1.13,0.34,0.37,0.10,0.51,0.25,0.49,46.28,28.24,0.29,10.20,0.05,8.20
Morocco_S,0.31,0.00,0.05,0.06,0.18,0.32,0.04,0.28,0.04,0.17,36.35,23.01,0.26,12.53,0.40,25.99
Mozabite,0.39,0.32,0.56,0.54,0.08,0.61,0.03,0.10,0.03,0.26,39.57,33.74,0.01,10.07,0.00,13.67
Naga,5.02,0.00,0.00,0.00,2.95,7.73,82.61,1.46,0.06,0.16,0.00,0.00,0.00,0.00,0.00,0.00
Naidu,61.14,30.95,1.45,1.07,0.34,0.47,0.86,0.49,0.30,0.23,0.14,2.56,0.00,0.00,0.00,0.00
Naxi,4.19,0.00,0.00,0.00,14.79,7.21,72.60,1.00,0.01,0.19,0.00,0.00,0.00,0.00,0.00,0.00
Nepal_Chokhopani_2700BP,10.43,0.49,0.00,1.02,3.85,9.58,70.84,1.12,0.22,0.00,0.68,0.00,0.00,0.00,0.00,1.75
Nepali_Khas_Brahmin,34.42,33.96,8.18,12.43,0.67,1.36,3.75,0.56,1.32,1.05,1.84,0.30,0.08,0.04,0.01,0.04
Nepali_Khas_Brahmin,34.49,33.72,8.17,12.58,0.65,1.42,4.04,0.56,1.26,0.96,1.64,0.32,0.09,0.04,0.01,0.04
Nepali_Khas_Kshatriya,32.61,26.61,4.74,7.90,1.88,3.58,18.85,0.66,0.93,0.65,0.92,0.54,0.09,0.00,0.02,0.01
Newar_Shrestha,28.60,16.96,1.45,2.88,2.58,5.73,37.85,1.19,0.90,0.25,1.07,0.20,0.02,0.00,0.32,0.00
Nganassan,0.11,0.68,0.75,3.04,0.04,89.40,1.03,0.03,0.13,4.17,0.55,0.07,0.00,0.00,0.00,0.00
Nguni,0.00,0.07,0.00,0.00,0.00,0.00,0.00,0.10,0.02,0.00,0.00,0.00,17.67,8.83,3.72,69.59
Nihali,71.66,11.05,0.00,1.02,9.48,2.01,0.08,2.51,0.48,0.88,0.50,0.33,0.00,0.00,0.00,0.00
Nogai,0.70,14.38,36.74,19.20,0.52,11.08,10.13,0.31,0.74,1.22,4.27,0.69,0.01,0.00,0.00,0.00
North_European,0.55,8.66,6.12,52.33,0.12,0.10,0.01,0.16,0.24,0.36,29.84,1.00,0.13,0.12,0.03,0.22
North_Kannadi,70.13,20.45,2.56,1.03,0.74,0.33,1.26,1.19,0.34,1.45,0.26,0.25,0.00,0.00,0.00,0.00
Nuristani,20.79,40.94,18.69,13.56,0.00,1.33,0.40,0.13,1.54,1.13,0.00,1.40,0.00,0.08,0.00,0.00
Nysha,6.68,0.19,0.00,0.53,0.20,8.80,82.09,1.34,0.00,0.00,0.00,0.06,0.08,0.00,0.01,0.00
Onge,50.85,0.00,0.02,1.41,19.48,2.19,9.95,11.13,0.68,0.44,0.20,0.17,0.19,2.36,0.47,0.44
Orcadian,0.00,12.06,1.33,53.13,0.06,0.02,0.00,0.12,0.32,0.05,32.81,0.10,0.00,0.00,0.00,0.00
Oriya_Brahmin,45.54,34.61,3.76,8.23,1.76,0.60,0.99,0.40,0.60,0.99,1.78,0.25,0.25,0.00,0.00,0.00
Oriya_Kshatriya,53.09,26.62,0.19,5.06,7.77,1.21,1.57,1.21,0.90,0.09,1.74,0.04,0.41,0.00,0.12,0.00
Oromo,0.01,0.02,7.45,0.01,0.35,0.17,0.28,0.28,0.12,0.42,3.61,29.02,1.23,57.01,0.01,0.00
Oroqen,0.35,0.00,0.12,0.00,3.07,45.15,46.80,0.17,0.05,3.84,0.44,0.00,0.00,0.00,0.00,0.00
Ossetian_North,0.10,18.43,56.38,14.71,0.27,3.91,2.92,0.39,0.55,1.14,1.08,0.10,0.01,0.01,0.00,0.00
Pahari_AJK,33.99,41.44,9.76,7.97,0.00,0.42,1.92,0.34,0.53,0.72,1.74,1.15,0.00,0.00,0.00,0.00
Palestinian,0.88,7.40,39.30,1.03,0.26,0.14,0.10,0.35,0.19,0.17,11.81,31.00,0.23,4.70,0.19,2.26
Pamiri_Ishkashimi,12.89,32.88,19.40,20.74,0.37,3.74,2.96,0.60,1.76,0.98,2.90,0.75,0.00,0.00,0.04,0.00
Pamiri_Rushani,8.62,32.02,21.09,23.50,0.35,3.40,1.81,0.25,1.71,1.28,4.50,1.35,0.04,0.04,0.03,0.01
Pamiri_Shughnani,9.69,32.05,19.97,22.43,0.08,3.36,2.04,0.23,2.48,1.59,4.62,1.42,0.01,0.02,0,0.01
Pamiri_Wakhi,15.53,32.59,18.75,19.39,0,3.02,2.56,0.48,2.52,1.95,1.97,1.21,0.04,0,0,0
Paniya,83.99,0.00,2.60,0.00,3.73,2.20,2.22,4.05,0.82,0.31,0.00,0.00,0.00,0.00,0.06,0.00
Papuan,0.00,0.00,0.00,0.00,0.07,0.00,0.01,99.90,0.00,0.00,0.00,0.00,0.00,0.00,0.00,0.00
Pashtun_Dir,21.16,36.82,18.91,13.68,0.35,1.31,0.54,0.36,1.02,1.02,1.49,3.11,0.02,0.04,0.05,0.14
Pashtun_East_Afghanistan,21.73,37.27,19.55,11.95,0.36,1.85,0.61,0.48,1.17,0.78,1.18,2.80,0.05,0.00,0.06,0.14
Pashtun_Kabul,18.71,34.46,21.21,12.07,0.69,2.58,2.12,0.30,0.92,1.18,2.01,3.41,0.14,0.02,0.08,0.05
Pashtun_Kandahar,15.44,35.04,23.69,13.44,0.15,1.93,1.41,0.19,1.18,0.92,2.22,4.15,0.03,0.09,0.02,0.10
Pashtun_Loya_Paktia,15.90,35.88,23.20,14.29,0.30,1.93,0.26,0.43,1.22,0.99,2.30,2.89,0.00,0.04,0.08,0.29
Pashtun_Qataghan,15.95,34.54,22.09,14.79,0.00,2.53,2.45,0.50,1.07,0.81,2.16,3.11,0.02,0.11,0.03,0.00
Pashtun_Swat,23.30,36.87,18.83,12.19,0.47,1.53,0.63,0.53,1.02,0.81,1.26,2.26,0.07,0.10,0.07,0.07
Pedi,0.01,0.08,0.58,0.00,0.05,0.00,0.00,0.00,0.01,0.03,0.53,0.01,17.06,6.85,3.77,71.03
Peruvian,0.15,1.26,2.47,4.43,0.23,0.18,0.34,0.11,78.54,0.26,9.05,1.30,0.10,0.20,0.08,1.29
Phalura,24.54,38.77,16.49,13.65,0.56,3.47,0,0.12,1.2,0.61,0,0.59,0,0,0,0
Pima,0.09,0.07,0.04,0.37,0.13,0.58,0.11,0.06,95.32,2.92,0.29,0.02,0.00,0.00,0.00,0.00
Piramalai_Kallar,62.55,30.06,2.40,0.01,0.89,0.32,0.75,1.08,0.45,0.40,0.02,1.02,0.02,0.03,0.00,0.00
Puerto_Rican1,0.35,5.17,7.23,19.78,0.18,0.24,0.14,0.34,13.89,0.30,35.09,5.33,0.22,1.25,0.45,10.04
Puerto_Rican2,0.47,4.25,6.30,16.44,0.08,0.34,0.29,0.23,15.01,0.23,29.75,5.28,0.36,1.26,0.88,18.83
Pulliyar,83.21,0.03,9.31,0.00,0.80,1.33,1.98,2.06,0.75,0.53,0.00,0.00,0.00,0.00,0.00,0.00
Punjabi,32.79,39.00,10.73,8.35,0.48,1.22,1.16,0.87,0.86,1.35,0.67,2.05,0.26,0.08,0.11,0.00
Punjabi_Abbasi,31.88,39.38,14.25,7.03,0.55,0.97,2.21,0.28,0.91,1.69,0.00,0.85,0.00,0.00,0.00,0.00
Punjabi_Arain,30.78,44.23,9.91,7.15,0.52,0.80,0.39,0.58,1.17,0.44,2.02,1.70,0.09,0.06,0.07,0.08
Punjabi_Bania,45.26,35.05,7.07,6.40,0.36,0.60,1.88,0.34,0.57,0.70,1.04,0.65,0.07,0.00,0.00,0.02
Punjabi_Brahmin,33.76,40.21,10.42,10.43,0.00,0.62,0.55,0.06,1.16,1.32,0.97,0.50,0.00,0.00,0.00,0.00
Punjabi_Chuhra,54.91,31.45,2.17,3.73,2.31,0.42,0.99,1.04,0.24,0.67,0.96,0.92,0.00,0.17,0.00,0.00
Punjabi_Jatt_Muslim,30.61,38.25,12.05,8.19,0.83,1.04,0.34,1.75,0.75,2.47,0.78,2.25,0.51,0.06,0.13,0.00
Punjabi_Jatt_Sikh,27.94,40.02,10.07,12.38,0.39,1.46,0.13,0.77,1.21,1.20,2.04,1.78,0.24,0.15,0.21,0.00
Punjabi_Khatri,28.82,38.66,14.45,10.89,0.12,0.50,0.08,0.36,1.66,1.57,0.32,1.97,0.21,0.00,0.39,0.00
Punjabi_Malik,30.86,44.09,12.20,7.01,0.00,0.00,0.18,0.24,1.28,0.00,0.90,2.95,0.00,0.00,0.00,0.29
Punjabi_Pahari_Gujjar,31.94,44.32,12.90,8.24,0.64,0.65,0.12,0.00,0.08,0.14,0.47,0.51,0.00,0.00,0.00,0.00
Punjabi_Pahari_Rajput,33.75,42.56,11.17,7.08,0.00,0.25,2.35,0.48,0.05,0.74,0.00,1.58,0.00,0.00,0.00,0.00
Punjabi_Ramgarhia,34.42,41.52,8.47,8.79,0.23,1.55,0.71,0.32,0.45,0.62,2.19,0.72,0.00,0.00,0.00,0.00
Punjabi_Saini,34.29,38.26,13.12,7.74,0.33,1.04,0.79,0.69,0.94,0.71,0.96,1.03,0.06,0.02,0.00,0.01
Punjabi_Singapore,33.68,40.72,9.32,9.84,0.63,0.43,1.19,0.35,0.69,0.76,1.33,1.05,0.00,0.00,0.00,0.00
Punjabi_Tarkhan,33.55,38.24,11.88,9.93,0.11,0.88,1.14,0.30,0.91,0.79,1.13,0.81,0.07,0.17,0.03,0.07
Pushtikar_Brahmin,30.69,35.83,12.26,10.10,1.65,3.12,0.00,0.87,1.14,0.10,1.95,1.15,0.33,0.18,0.62,0.00
Pygmy,0.00,0.00,0.00,0.00,0.00,0.00,0.00,0.00,0.00,0.00,0.00,0.00,0.00,0.00,99.98,0.00
Qatari,3.40,8.84,16.91,3.05,0.54,0.29,0.27,0.47,0.36,0.31,1.93,53.66,0.44,4.00,0.82,4.70
Qizilbash_Kabul,13.18,28.88,26.68,10.21,0.67,3.73,5.37,0.24,1.18,0.73,2.58,5.99,0.07,0.00,0.35,0.58
Qiang_Danba,2.77,0.04,0.02,0.01,10.05,8.44,77.07,0.82,0.40,0.20,0.00,0.00,0.02,0.03,0.04,0.08
Qiang_Daofu,3.82,0.00,0.19,0.34,7.21,9.91,76.09,1.14,0.51,0.43,0.10,0.05,0.02,0.06,0.03,0.11
Rajasthani,48.13,35.38,5.38,4.09,0.39,1.37,1.35,0.70,0.50,0.98,0.44,0.96,0.21,0.11,0.02,0.00
Rajasthani_Bania,51.06,37.10,3.63,3.13,0.55,0.63,0.39,0.41,0.82,0.70,0.97,0.47,0.01,0.03,0.04,0.05
Rajasthani_Brahmin,32.31,37.83,9.37,14.75,0.00,0.00,2.08,0.00,0.84,0.74,1.96,0.11,0.00,0.00,0.00,0.00
Rajasthani_Gujjar_Jaipur,36.07,40.85,10.07,7.40,0.13,1.06,0.25,0.61,0.58,0.45,0.48,2.05,0.00,0.00,0.01,0.00
Roma_Romania,21.72,13.45,26.50,14.02,1.27,0.43,0.00,0.93,0.08,0.36,14.23,7.01,0.00,0.00,0.00,0.00
Romanian,0.97,6.22,25.70,36.22,0.27,0.79,0.47,0.24,0.23,0.34,23.24,5.28,0.00,0.00,0.02,0.00
Russian1,0.89,3.98,12.51,63.88,0.79,2.51,0.00,0.53,0.53,0.84,13.17,0.36,0.00,0.00,0.00,0.00
Russian2,0.72,6.83,6.22,63.91,0.24,6.75,0.30,0.23,0.51,1.22,11.55,1.50,0.01,0.00,0.00,0.00
Saharawi,0.24,0.00,0.00,0.00,0.08,0.22,0.03,0.12,0.07,0.39,38.51,34.98,0.06,13.50,0.09,11.71
Sahariya,63.75,10.89,0.00,3.07,15.71,1.25,0.00,1.87,0.58,0.51,0.76,0.57,0.09,0.95,0.00,0.00
Sakilli,67.59,25.86,1.37,0.00,1.40,0.22,1.04,1.34,0.20,0.00,0.20,0.78,0.00,0.00,0.00,0.00
Salar,2.84,4.70,5.00,2.69,10.23,9.17,60.17,0.56,0.74,1.51,0.89,1.16,0.10,0.09,0.06,0.09
Samaritian,0.78,5.14,47.78,0.00,0.28,0.00,0.00,0.01,0.00,0.00,13.36,31.57,0.09,0.98,0.02,0.00
Samoan,0.00,0.10,0.20,0.28,69.80,1.02,0.00,27.43,0.03,0.19,0.93,0.00,0.00,0.00,0.00,0.00
San1,1.73,1.36,0.40,2.68,0.64,0.17,0.07,0.21,0.10,0.13,2.21,1.65,78.89,2.47,0.41,6.88
San2,0.00,0.00,0.00,0.00,0.00,0.00,0.00,0.00,0.00,0.00,0.00,0.00,99.97,0.00,0.02,0.00
Sandawe,0.14,0.06,0.65,0.09,0.24,0.09,0.02,0.16,0.06,0.11,0.46,11.42,12.16,49.40,7.88,17.07
San-NB,0.01,0.00,0.00,0.01,0.00,0.03,0.00,0.00,0.04,0.00,0.00,0.04,97.09,0.60,0.30,1.88
Santhal1,73.25,4.72,0.00,0.00,14.65,1.10,2.29,2.90,0.95,0.12,0.00,0.00,0.00,0.00,0.00,0.00
Santhal2,72.41,4.51,0.35,0.03,16.86,0.90,0.29,2.49,0.25,0.81,0.44,0.07,0.25,0.08,0.22,0.03
Saraswat_Brahmin,30.81,37.92,12.35,9.69,1.31,0.61,2.50,0.00,0.73,1.36,0.33,2.38,0.00,0.00,0.00,0.00
Sardinian,0.30,0.02,20.13,12.04,0.07,0.06,0.02,0.06,0.00,0.03,60.38,6.75,0.04,0.01,0.09,0.01
Satnami,63.24,20.65,0.97,2.16,7.14,0.29,1.31,1.09,1.12,0.40,0.84,0.01,0.07,0.57,0.13,0.03
Saudi,0.86,4.89,26.18,1.16,0.16,0.16,0.16,0.22,0.30,0.16,3.39,57.74,0.31,3.03,0.34,0.93
Savara,68.71,0.00,0.00,0.51,24.30,3.22,0.00,3.12,0.08,0.00,0.00,0.05,0.00,0.00,0.00,0.00
Selkup,0.26,8.20,0.08,26.66,0.34,51.91,0.37,0.04,2.96,8.45,0.68,0.04,0.00,0.00,0.00,0.00
Serbian,0.00,7.69,23.43,42.16,0.85,0.36,0.33,0.07,0.00,0.06,21.84,3.20,0.00,0.00,0.00,0.00
She,0.00,0.00,0.00,0.00,34.82,0.00,65.09,0.06,0.00,0.02,0.00,0.00,0.00,0.00,0.00,0.00
Sherpa,8.74,0.72,0.77,0.69,2.52,11.99,70.47,1.62,1.20,0.95,0.00,0.03,0.05,0.23,0.00,0.00
Siddi,15.67,10.18,3.44,1.75,1.22,0.66,0.86,0.00,0.56,0.27,0.22,0.65,2.93,7.70,4.00,49.87
Sindhi_Hindu,29.15,40.35,14.99,9.67,0.10,1.69,0.00,0.98,0.60,0.44,0.00,2.03,0.00,0.00,0.00,0.00
Sindhi_Lohana,29.54,39.08,13.00,10.26,0.08,2.49,1.20,0.32,0.70,0.00,1.58,1.75,0.00,0.00,0.00,0.00
Sindhi_Memon,29.49,42.10,14.00,9.27,0.13,0.06,0.96,0.28,0.74,1.33,0.00,1.63,0.00,0.00,0.00,0.00
Sindhi_Muslim,29.23,46.19,9.56,6.18,0.39,0.55,0.26,0.45,0.58,0.70,1.44,2.87,0.05,0.29,0.07,0.36
Sinhala,57.15,31.65,2.23,0.54,2.29,0.72,1.41,1.09,0.37,0.62,0.49,1.10,0.07,0.16,0.05,0.06
Sintashta,0.00,17.64,0.00,58.44,0.00,0.00,0.00,0.00,0.00,0.00,23.06,0.00,0.00,0.00,0.00,0.82
SiS_BA3,58.39,37.77,0.00,0.00,0.00,0.18,1.10,0.40,0.00,0.64,0.00,0.00,0.27,0.00,0.62,0.63
Slovenian,0.78,6.34,14.66,50.77,0.10,0.25,0.13,0.35,0.22,0.42,22.86,2.63,0.09,0.06,0.15,0.19
Somali1,0.00,0.00,2.76,0.00,0.27,0.00,0.00,0.26,0.14,0.23,2.12,31.73,1.96,60.37,0.15,0.00
Somali2,0.02,0.00,3.48,0.07,0.12,0.22,0.34,0.04,0.08,0.18,3.36,28.76,0.00,63.31,0.00,0.00
Somali3,1.49,0.00,0.00,0.04,0.06,0.05,0.46,0.11,0.19,0.38,3.65,27.33,1.37,60.13,1.23,3.51
Sotho_Tswana,0.14,0.60,0.00,0.13,0.01,0.00,0.00,0.00,0.00,0.02,0.26,0.00,26.36,4.25,4.21,64.00
Sourastrian,52.86,31.53,4.61,4.58,1.58,1.81,0.42,0.61,0.88,0.00,0.95,0.17,0.00,0.00,0.00,0.00
South_African_Indian,55.58,28.91,1.63,1.79,1.98,2.69,0.62,1.70,0.21,1.72,1.02,0.53,0.82,0.80,0.00,0.00
South_Indian_Brahmin,46.78,37.79,5.80,4.11,0.77,0.67,0.00,0.54,0.00,1.65,1.02,0.87,0.00,0.00,0.00,0.00
Spain_Basc,0.11,7.83,0.77,32.81,0.22,0.09,0.13,0.22,0.35,0.20,56.19,0.73,0.09,0.00,0.03,0.25
Spaniard1,0.53,6.05,10.00,31.16,0.13,0.12,0.07,0.17,0.16,0.12,44.93,5.26,0.08,0.70,0.16,0.37
Spaniard2,0.20,6.53,10.93,31.83,0.10,0.22,0.10,0.17,0.09,0.08,44.11,4.67,0.05,0.48,0.19,0.25
Sri_Lankan,51.01,28.39,2.88,4.43,2.02,0.85,1.74,0.44,0.97,0.20,4.95,1.82,0.00,0.22,0.00,0.06
Srivastava,51.24,32.43,3.48,7.89,1.48,1.42,0.00,0.00,1.30,0.00,0.53,0.00,0.00,0.22,0.00,0.00
Stalskoe,0.07,23.71,40.73,20.55,1.65,2.76,0.81,0.59,1.56,1.34,3.97,1.55,0.20,0.07,0.24,0.21
Sudanese,0.00,0.01,0.00,0.00,0.03,0.00,0.00,0.00,0.00,0.00,0.00,0.21,0.00,84.03,1.45,14.26
Surui,0.00,0.00,0.00,0.00,0.00,0.00,0.00,0.00,99.98,0.00,0.00,0.00,0.00,0.00,0.00,0.00
Syrian,1.74,12.18,41.07,2.97,0.28,0.46,0.21,0.22,0.19,0.43,10.07,25.36,0.19,2.64,0.26,1.73
Tajik_Ayni,6.54,27.93,23.48,16.89,0.65,6.07,6.70,0.46,1.31,1.61,5.17,2.89,0.06,0.06,0.11,0
Tajik_Balkh,10.57,26.77,20.65,12.69,1.27,6.28,10.33,0.45,1.04,0.85,4.48,4.79,0.00,0.06,0.15,0.02
Tajik_Hisor,7.91,27.28,24.01,16.72,1.56,6.05,5.99,0.39,1.31,1.65,5.06,1.93,0.09,0.05,0,0
Tajik_Kabul,18.80,32.75,20.10,11.73,0.69,2.92,4.70,0.24,1.29,0.98,2.25,3.25,0.03,0.05,0.02,0.12
Tajik_Kulab,8.37,29.54,24.80,17.72,1.27,4.67,4.60,0.29,2.70,1.32,2.91,1.71,0,0,0.04,0.05
Tajik_Kapisa,18.55,36.62,22.76,13.26,0.63,1.70,1.02,0.33,0.83,1.36,0.62,2.15,0.04,0.00,0.03,0.09
Tajik_Panjshir,16.75,37.13,22.01,13.48,0.82,2.57,1.70,0.45,1.43,0.48,1.37,1.72,0.02,0.00,0.00,0.07
Tajik_Parwan,18.99,34.98,20.75,12.58,1.25,3.65,2.06,0.57,0.89,1.13,1.09,1.85,0.00,0.15,0.11,0.11
Tajik_Tajikistan,6.85,32.21,21.39,16.61,0.69,5.88,7.06,0.39,1.36,1.35,3.55,2.55,0.04,0.05,0.01,0.00
Talysh,2.76,24.95,43.63,6.17,0.60,0.92,1.12,0.46,0.48,0.50,6.19,11.90,0.01,0.15,0.06,0.10
Tamil,52.77,32.14,4.59,0.97,1.39,2.01,0.67,0.96,0.92,0.36,0.01,1.93,0.39,0.75,0.15,0.00
Tamil_Brahmin,46.67,36.02,5.63,5.65,0.71,0.53,0.46,0.60,0.61,0.56,1.28,1.05,0.09,0.06,0.03,0.05
Tamil_Nadar,58.96,30.80,1.88,0.00,1.34,0.81,0.91,1.76,0.57,0.85,0.08,1.94,0.06,0.00,0.04,0.00
Tamil_Nadu_Scheduled_Caste,58.84,32.27,2.84,0.07,1.80,0.00,0.50,1.35,0.20,0.00,0.00,2.11,0.00,0.00,0.00,0.00
Tamil_Singapore,61.95,30.24,1.92,0.08,1.30,0.47,0.91,1.09,0.35,0.38,0.40,0.86,0.00,0.02,0.00,0.01
Tamil_Vellalar,58.85,33.30,2.28,0.10,0.72,0.37,1.28,1.39,0.28,0.23,0.78,0.41,0.00,0.00,0.00,0.00
Tamil_Vishwakarma,68.01,24.20,1.95,0.00,0.77,0.91,1.95,1.37,0.00,0.00,0.00,0.80,0.03,0.00,0.00,0.00
Telugu_Brahmin,48.51,35.88,3.38,5.54,0.73,0.65,0.59,0.67,1.13,0.45,1.24,1.10,0.02,0.01,0.08,0.02
Telugu_Kamma,54.09,36.22,4.06,0.44,1.15,0.52,0.82,0.68,0.25,0.33,0.09,1.01,0.06,0.12,0.05,0.09
Telugu_Kapu,57.49,32.99,1.88,1.04,1.77,0.49,0.59,0.98,0.51,0.44,0.46,0.96,0.12,0.11,0.04,0.12
Telugu_Madiga,69.27,23.21,0.49,0.15,1.47,0.71,1.86,0.72,0.00,0.63,0.10,1.18,0.11,0.07,0.00,0.01
Telugu_Mala,72.20,20.31,0.16,0.41,2.82,0.52,0.55,1.16,0.43,0.50,0.51,0.12,0.23,0.00,0.00,0.06
Telugu_Reddy,53.65,36.44,2.91,0.18,0.68,0.64,1.73,1.07,0.30,0.35,0.00,1.67,0.21,0.00,0.13,0.02
Thai,14.40,2.38,1.51,1.32,60.92,3.35,11.98,1.67,0.51,0.29,0.18,0.49,0.35,0.17,0.20,0.30
