<!DOCTYPE html>
<html lang="en">
<head>
    <meta charset="UTF-8">
    <meta name="viewport" content="width=device-width, initial-scale=1.0">
    <title>MDLP23b</title>
    <link rel="stylesheet" href="style2.css">
    <script defer src="script.js"></script>
</head>
<body>
    <div id="link"><a href="index.html">Go back to the main page</a></div>
    <div id="button-div"><button id="button">Copy all</button><div id="textBox"></div></div>
    <div id="container">
<div id="content">!Kung,0.00,0.11,0.00,0.00,0.00,0.00,0.00,0.00,0.27,0.63,0.00,0.00,50.77,0.00,21.70,0.01,0.02,0.00,0.11,0.00,26.38,0.00,0.00
AA_Denver,0.33,0.83,1.18,0.11,0.25,0.27,0.05,1.66,0.19,0.66,0.09,3.68,0.55,0.19,17.67,1.34,1.07,0.08,0.20,0.07,64.49,0.06,4.98
Abkhasian,0.36,5.95,21.21,0.32,0.43,0.26,0.44,60.98,0.02,0.09,0.46,1.68,0.11,0.18,0.13,1.78,0.99,0.39,0.39,0.23,0.23,0.47,2.90
Adjara,0.22,4.36,19.50,0.44,0.79,0.42,0.16,62.02,0.10,0.30,0.14,0.97,0.03,0.41,0.03,4.45,1.85,0.11,0.10,0.02,0.33,0.05,3.20
Adygei,0.52,6.61,19.09,0.47,0.76,0.31,0.62,50.93,0.09,0.17,0.95,2.38,0.06,0.54,0.04,1.26,0.36,0.54,0.06,0.45,0.06,2.30,11.42
Aeta,0.56,0.01,0.00,2.98,15.75,9.17,50.81,0.00,1.74,0.49,0.23,0.01,0.03,7.09,1.20,0.00,0.11,0.05,0.01,8.29,0.79,0.67,0.01
Afar_WGA,0.02,0.04,0.22,0.01,0.09,0.04,0.02,4.66,0.20,42.88,0.02,0.83,0.24,0.01,8.02,25.10,13.51,0.01,0.04,0.02,3.93,0.01,0.08
Afghan_Pushtun,0.98,5.07,35.67,0.47,15.76,0.07,0.15,20.66,0.03,0.47,0.56,3.14,0.08,0.21,0.04,3.05,2.16,0.60,0.12,0.36,0.08,0.84,9.43
African_Caribbean,0.16,0.43,0.37,0.09,0.30,0.08,0.09,1.64,0.48,0.38,0.05,1.65,0.25,0.08,17.99,0.47,1.08,0.08,0.16,0.06,71.29,0.06,2.76
Afroamerican,0.74,0.94,1.26,0.08,0.34,0.10,0.17,2.73,0.39,0.63,0.13,3.92,0.53,0.13,16.16,0.44,1.36,0.12,0.44,0.08,63.19,0.13,5.99
Agta,0.22,0.59,0.04,0.08,15.30,12.25,50.55,0.03,2.00,0.06,0.58,0.28,0.01,4.57,0.97,0.01,0.05,0.55,0.04,8.70,0.59,2.51,0.02
Agta_AG,0.96,0.50,0.47,0.11,9.46,5.94,38.85,0.93,0.52,0.03,1.74,1.78,0.47,8.89,0.70,0.16,0.07,0.61,0.26,23.57,0.65,3.30,0.04
Ain_Touta_WGA,0.37,1.90,19.29,0.10,1.34,0.32,0.12,29.83,0.18,10.81,0.06,4.07,0.11,0.23,2.41,16.42,4.97,0.08,0.20,0.15,4.04,0.05,2.95
Albanian_Tirana,0.37,1.51,3.24,0.20,0.34,0.43,0.57,38.92,0.05,0.04,0.10,24.06,0.16,0.17,0.01,6.53,2.12,0.10,0.13,0.08,0.02,0.10,20.76
Aleut,9.13,3.98,0.84,24.79,0.42,0.07,0.36,16.29,0.00,0.02,1.12,1.93,0.00,0.14,0.02,0.56,0.26,0.25,0.00,0.59,0.01,2.53,36.70
Algerian,0.10,0.60,0.79,0.04,0.25,0.19,0.15,10.09,0.24,3.88,0.07,17.02,0.42,0.12,3.41,13.10,39.67,0.06,0.21,0.11,7.71,0.08,1.70
Algonquin,52.19,2.11,1.35,15.19,0.44,0.05,0.69,7.13,0.00,0.00,0.45,5.71,0.00,0.17,0.00,0.24,0.40,0.45,0.00,0.28,0.00,2.86,10.30
Alorese,0.14,0.07,0.03,0.40,3.13,47.38,21.05,0.15,0.05,0.18,0.91,0.03,0.08,10.65,0.32,0.04,0.07,0.25,0.00,12.15,0.27,2.61,0.03
Altaian,0.62,15.03,4.06,0.97,0.62,0.08,0.97,2.63,0.04,0.04,20.24,1.69,0.01,0.18,0.02,0.89,0.29,1.23,0.04,7.79,0.01,38.91,3.65
Alur,0.00,0.00,0.00,0.00,0.00,0.00,0.00,0.00,0.01,23.86,0.00,0.00,0.32,0.00,30.86,0.00,0.00,0.00,0.31,0.00,44.64,0.00,0.00
Amhara,0.04,0.03,0.16,0.03,0.05,0.06,0.03,5.58,0.39,38.29,0.03,0.94,0.12,0.04,8.30,26.28,18.09,0.00,0.04,0.03,1.45,0.00,0.03
Ami,0.00,0.00,0.00,0.05,0.00,0.00,96.81,0.00,0.00,0.00,0.08,0.00,0.00,0.00,0.00,0.00,0.00,0.12,0.00,1.95,0.00,0.99,0.00
Ami_Coriell,0.00,0.00,0.00,0.00,0.00,0.00,98.14,0.00,0.00,0.00,0.02,0.00,0.00,0.00,0.00,0.00,0.00,0.01,0.00,1.60,0.00,0.23,0.00
Ami_Taiwan,0.00,0.00,0.00,0.00,0.00,0.00,99.96,0.00,0.00,0.00,0.00,0.00,0.00,0.00,0.00,0.00,0.00,0.00,0.00,0.00,0.00,0.04,0.00
Anuak,0.00,0.00,0.00,0.00,0.00,0.00,0.00,0.00,0.03,47.16,0.00,0.00,0.13,0.00,23.67,0.00,0.00,0.00,0.02,0.00,28.99,0.00,0.00
Aonaga,0.08,0.00,0.00,0.14,0.07,0.16,0.59,0.00,0.00,0.00,0.54,0.00,0.00,0.53,0.00,0.00,0.00,0.44,0.00,72.89,0.00,24.56,0.00
Apache,79.79,1.77,0.21,12.82,0.05,0.08,0.32,0.64,0.00,0.00,0.36,1.12,0.00,0.08,0.00,0.14,0.01,0.46,0.01,0.41,0.00,1.25,0.48
Ari,0.07,0.11,0.36,0.01,0.23,0.28,0.06,0.35,0.84,59.04,0.02,0.20,4.60,0.09,19.01,5.95,6.09,0.00,0.09,0.05,2.36,0.02,0.17
Armenian,0.15,1.27,18.49,0.09,0.46,0.13,0.10,52.14,0.02,0.26,0.08,8.34,0.34,0.58,0.03,11.96,2.03,0.08,0.10,0.08,0.03,0.08,3.15
Armenian_Yerevan,0.16,1.97,18.61,0.17,0.63,0.55,0.11,52.14,0.12,0.19,0.11,6.57,0.14,0.32,0.02,13.27,2.03,0.11,0.13,0.12,0.06,0.21,2.25
Ashkenazi,0.65,0.62,3.24,0.91,1.19,0.13,0.28,39.17,0.00,0.20,0.14,22.48,0.13,0.04,0.01,9.47,6.37,0.06,0.15,0.11,0.03,0.46,14.16
Ashkenazi_Jew,0.25,1.80,4.60,0.31,0.83,0.36,0.37,36.82,0.06,0.69,0.36,22.18,0.14,0.30,0.06,10.39,6.67,0.31,0.21,0.33,0.14,0.29,12.52
Assyrian_Arzni,0.10,1.21,17.69,0.17,0.49,0.32,0.26,51.38,0.04,0.25,0.13,6.33,0.04,0.33,0.02,15.44,3.86,0.33,0.07,0.20,0.07,0.15,1.12
Assyrian_Iraqi,0.08,1.85,17.75,0.16,0.76,0.68,0.14,44.10,0.07,0.34,0.08,10.94,0.36,0.34,0.20,17.16,3.75,0.21,0.20,0.06,0.03,0.05,0.69
Atayal,0.14,0.00,0.00,0.25,0.08,0.34,85.84,0.02,0.03,0.07,0.72,0.02,0.06,0.19,0.01,0.00,0.00,0.41,0.06,7.81,0.00,3.92,0.03
Atayal_Coriell,0.01,0.00,0.00,0.02,0.00,0.00,92.41,0.00,0.00,0.00,0.05,0.00,0.00,0.00,0.00,0.00,0.00,0.03,0.00,3.80,0.00,3.68,0.00
Athabask,58.18,2.14,0.15,33.79,0.09,0.01,1.77,0.02,0.00,0.00,0.10,0.02,0.00,0.03,0.00,0.02,0.01,0.05,0.00,1.59,0.00,1.95,0.08
Ati,0.06,0.05,0.70,0.20,9.95,8.15,36.23,0.22,0.40,0.52,0.93,0.21,0.32,9.40,1.08,0.01,0.37,1.32,0.12,23.30,1.03,5.08,0.34
Australian,0.04,0.01,0.06,0.06,1.65,49.96,0.37,0.31,0.06,0.00,0.13,0.92,0.00,41.08,0.21,0.05,0.20,0.03,0.00,2.45,0.00,1.26,1.14
Australian_ECCAC,0.04,1.22,2.91,0.07,3.04,35.77,1.00,3.91,0.26,0.15,0.11,10.27,0.04,27.24,0.64,0.55,0.28,0.04,0.00,1.46,0.39,0.13,10.48
Austrian,0.33,2.58,3.01,0.14,0.29,0.16,0.06,26.38,0.03,0.24,0.11,20.86,0.04,0.21,0.01,2.97,1.50,0.10,0.29,0.06,0.06,0.05,40.51
Avar,0.99,9.95,27.07,0.15,0.52,0.34,0.01,42.98,0.02,0.19,0.21,0.79,0.25,0.08,0.04,0.53,0.13,0.97,0.04,0.04,0.02,0.10,14.57
Aymara,98.26,0.02,0.08,0.06,0.00,0.00,0.00,0.26,0.00,0.02,0.01,1.12,0.00,0.00,0.02,0.05,0.01,0.01,0.00,0.00,0.00,0.01,0.07
Ayta_AE,0.47,0.16,1.74,0.36,20.69,10.44,22.46,0.38,1.82,0.70,1.97,0.25,0.55,11.62,2.62,0.73,0.50,0.05,0.00,17.91,0.01,3.87,0.71
Azeri,0.41,3.61,24.06,0.41,1.96,0.34,0.76,39.97,0.13,0.39,1.01,5.59,0.16,0.40,0.12,10.70,2.56,0.64,0.26,1.38,0.16,2.21,2.78
Azeri_Dagestan,0.67,7.96,26.92,0.58,0.43,0.22,0.36,43.70,0.04,0.11,0.67,3.43,0.03,0.22,0.02,3.78,0.77,0.57,0.22,1.18,0.08,0.38,7.66
Azov_Greek,0.52,1.47,10.36,0.27,0.67,0.36,0.30,43.96,0.05,0.06,0.51,13.90,0.02,0.40,0.01,7.68,2.31,0.39,0.11,0.37,0.02,1.49,14.78
Bajo,0.02,0.02,0.82,0.02,1.86,19.01,58.98,0.11,0.02,0.12,0.14,0.01,0.00,0.93,0.01,0.04,0.02,0.00,0.00,17.66,0.01,0.18,0.01
Baku_WGA,0.46,5.19,25.87,0.23,2.65,0.06,0.13,42.18,0.15,0.92,0.90,2.56,0.05,0.10,0.04,11.18,1.31,0.31,0.43,0.32,0.49,0.21,4.27
Balkar,0.71,6.48,17.31,0.62,0.61,0.27,1.27,51.49,0.10,0.25,1.85,1.93,0.05,0.39,0.06,1.05,0.43,0.90,0.08,0.84,0.11,2.59,10.61
Balochi,0.31,0.99,57.47,0.35,14.34,0.39,0.36,8.03,0.10,0.67,0.42,2.03,0.15,0.48,0.60,6.74,1.97,0.38,0.22,0.52,1.32,0.32,1.84
Balt,0.46,2.91,1.74,0.48,0.38,0.26,0.22,25.37,0.02,0.10,0.79,5.49,0.02,0.86,0.07,0.59,0.62,0.05,0.08,0.04,0.02,0.11,59.33
Bambaran,0.01,0.01,0.00,0.00,0.01,0.02,0.00,0.01,0.09,0.46,0.01,0.05,0.29,0.01,18.46,0.10,0.40,0.00,0.05,0.02,79.98,0.01,0.01
Bamoun,0.00,0.00,0.00,0.01,0.00,0.01,0.01,0.00,0.03,0.55,0.00,0.00,0.30,0.00,22.69,0.00,0.01,0.00,0.15,0.00,76.23,0.01,0.00
Bantu_SA_Herero,0.00,0.00,0.00,0.00,0.00,0.01,0.00,0.00,0.04,0.44,0.00,0.00,4.05,0.01,23.88,0.01,0.01,0.00,0.40,0.00,71.15,0.00,0.00
Bantu_SA_Ovambo,0.00,0.00,0.00,0.00,0.01,0.01,0.01,0.00,0.02,1.11,0.00,0.00,1.14,0.01,24.39,0.00,0.01,0.00,1.24,0.01,72.04,0.00,0.00
Bantu_SA_Pedi,0.00,0.00,0.00,0.00,0.00,0.00,0.00,0.00,0.07,0.44,0.00,0.00,19.52,0.00,22.96,0.00,0.00,0.00,0.14,0.00,56.87,0.00,0.00
Bantu_SA_S_Sotho,0.00,0.00,0.00,0.00,0.00,0.00,0.00,0.00,0.02,0.42,0.00,0.00,18.83,0.00,22.38,0.00,0.00,0.00,0.17,0.00,58.18,0.00,0.00
Bantu_SA_Tswana,0.00,0.00,0.00,0.00,0.00,0.00,0.00,0.00,0.08,0.20,0.00,0.00,22.31,0.00,22.03,0.00,0.00,0.00,0.18,0.00,55.20,0.00,0.00
Bantu_SA_Zulu,0.00,0.00,0.00,0.00,0.00,0.00,0.00,0.00,0.04,0.43,0.00,0.00,12.19,0.00,22.78,0.00,0.00,0.00,0.14,0.00,64.41,0.00,0.00
BantuKenya,0.01,0.01,0.07,0.01,0.03,0.02,0.02,0.05,0.03,16.25,0.02,0.03,0.53,0.01,22.61,0.77,0.33,0.02,0.22,0.01,58.92,0.01,0.02
Bashkir,1.16,15.56,6.98,1.68,0.68,0.09,0.58,13.93,0.12,0.05,14.81,2.36,0.05,0.14,0.03,1.18,0.31,0.89,0.02,3.00,0.03,11.20,25.15
Basque_French,0.10,3.02,7.18,0.06,0.11,0.07,0.03,2.21,0.02,0.02,0.09,71.05,0.02,0.07,0.02,0.69,0.16,0.05,0.01,0.04,0.01,0.04,14.92
Basque_Spanish,0.08,2.47,6.37,0.05,0.07,0.10,0.02,3.21,0.00,0.02,0.07,70.04,0.03,0.08,0.01,1.09,0.40,0.06,0.00,0.10,0.00,0.03,15.70
Batak_Karo,0.09,0.30,1.40,0.53,13.67,0.77,46.14,0.30,0.24,0.22,0.67,0.84,0.19,1.78,0.07,0.48,0.48,0.52,0.14,28.72,0.15,1.77,0.52
Batak_Toba,0.60,0.40,1.55,0.15,10.65,2.10,46.56,0.35,0.15,0.23,1.40,0.71,0.22,1.10,0.08,0.76,0.32,0.29,0.04,28.07,0.09,2.90,1.27
BedouinA,0.24,0.85,5.67,0.13,0.70,0.29,0.11,31.23,0.16,5.22,0.16,6.94,0.38,0.20,1.57,30.31,11.52,0.10,0.43,0.15,2.51,0.15,0.98
BedouinB,0.02,0.33,0.67,0.01,0.09,0.06,0.02,4.19,0.06,2.46,0.02,1.12,0.08,0.04,1.47,85.09,1.02,0.01,0.04,0.02,2.61,0.01,0.56
Belarusian,0.35,0.78,1.61,0.29,0.41,0.16,0.24,28.93,0.07,0.05,0.45,4.53,0.04,0.50,0.03,1.03,0.88,0.33,0.08,0.34,0.03,0.26,58.61
Belarusian-East,0.21,3.13,1.83,0.36,0.60,0.17,0.25,28.41,0.02,0.12,0.66,7.81,0.01,0.30,0.02,0.90,1.22,0.42,0.24,0.26,0.01,0.30,52.75
Belarusian_Russian,1.36,1.16,0.81,1.15,0.69,0.01,0.14,29.16,0.00,0.00,0.61,3.12,0.00,0.00,0.00,0.93,0.81,0.28,0.05,0.06,0.00,0.18,59.48
Belarusian_South,0.11,0.87,1.78,0.24,0.88,0.14,0.36,27.94,0.04,0.05,0.72,5.14,0.03,0.29,0.04,0.80,0.56,0.34,0.08,0.20,0.02,0.41,58.96
Belarusian_West,0.34,1.81,2.16,0.05,0.37,0.02,0.20,28.35,0.26,0.69,0.04,8.31,0.05,0.01,0.00,1.23,0.27,0.45,1.84,0.22,0.37,0.42,52.52
Belgian,0.04,5.02,4.39,0.03,0.31,0.14,0.09,21.82,0.01,0.06,0.04,28.31,0.01,0.41,0.00,0.97,0.92,0.06,0.02,0.02,0.01,0.10,37.23
Bengali,0.21,2.41,26.85,0.21,54.60,1.05,0.99,2.94,0.24,0.43,0.70,0.60,0.12,1.10,0.36,0.63,0.58,0.39,0.47,1.00,0.13,1.07,2.92
Bengali_Bangladesh_BEB,0.55,1.66,21.45,0.83,58.99,0.56,2.33,1.94,0.04,0.08,0.63,0.88,0.04,0.14,0.02,0.48,0.22,0.58,0.03,5.88,0.03,1.37,1.27
Berber_WGA,0.05,0.09,0.14,0.04,0.11,0.15,0.08,4.32,0.18,3.73,0.05,13.77,0.29,0.04,3.01,12.52,55.13,0.03,0.10,0.05,5.47,0.08,0.57
Bhil,0.29,1.97,18.25,0.23,71.34,0.31,0.26,0.82,0.12,0.12,0.75,0.66,0.06,0.36,0.01,0.71,0.32,0.54,0.11,0.98,0.21,0.59,1.00
Bhili,0.55,1.06,20.97,0.29,64.99,1.48,0.82,1.24,0.05,0.50,0.34,1.16,0.20,0.80,0.42,0.78,0.60,0.77,0.33,1.28,0.12,0.66,0.59
Bhunjia,0.16,0.01,0.01,0.30,74.66,1.99,9.78,0.00,0.00,0.01,0.89,0.01,0.02,0.65,0.02,0.00,0.01,0.97,0.00,10.22,0.01,0.27,0.01
BiakaPygmy,0.00,0.00,0.00,0.00,0.00,0.00,0.00,0.00,0.03,0.00,0.00,0.00,0.26,0.00,51.26,0.00,0.00,0.00,38.72,0.00,9.73,0.00,0.00
Bolivian,87.59,0.31,0.55,0.07,0.27,0.03,0.03,2.95,0.01,0.05,0.01,4.34,0.10,0.02,0.07,0.82,0.73,0.03,0.15,0.07,0.02,0.02,1.76
Bolivian_Cochabamba,92.55,0.49,0.10,0.10,0.02,0.03,0.00,1.44,0.03,0.03,0.01,3.45,0.04,0.02,0.03,0.09,0.46,0.01,0.01,0.01,0.31,0.01,0.76
Bolivian_LaPaz,97.59,0.05,0.08,0.05,0.02,0.00,0.00,0.23,0.08,0.04,0.01,1.24,0.03,0.00,0.02,0.12,0.28,0.02,0.01,0.00,0.01,0.01,0.11
Bolivian_Pando,90.80,0.12,0.29,0.16,0.03,0.01,0.03,1.32,0.02,0.07,0.02,4.29,0.02,0.10,0.15,0.39,0.67,0.06,0.01,0.02,0.21,0.05,1.16
Bosnian,0.42,1.07,2.08,0.28,0.98,0.17,0.18,33.01,0.05,0.05,0.18,15.99,0.01,0.20,0.01,2.96,1.70,0.18,0.09,0.09,0.01,0.12,40.18
Bougainville,0.00,0.00,0.00,0.00,0.00,0.73,0.00,0.00,0.00,0.00,0.00,0.00,0.00,99.27,0.00,0.00,0.00,0.00,0.00,0.00,0.00,0.00,0.00
Brahmin_Tamil,0.38,2.49,32.81,0.50,48.36,0.40,0.35,5.68,0.01,0.11,0.58,1.16,0.17,0.27,0.15,1.16,0.38,0.43,0.13,0.98,0.12,0.41,2.98
Brahmins_UP,0.49,5.33,28.90,0.10,50.10,0.42,0.33,4.76,0.02,0.07,0.33,1.42,0.01,0.17,0.00,0.51,0.55,0.34,0.06,0.43,0.05,0.35,5.26
Brahui,0.33,0.69,62.07,0.25,11.91,0.43,0.48,5.08,0.14,0.71,0.51,2.49,0.24,0.45,0.72,7.14,2.28,0.37,0.14,0.47,1.40,0.22,1.48
British,0.05,5.63,6.08,0.05,0.08,0.03,0.03,18.29,0.00,0.22,0.01,31.50,0.05,0.08,0.11,0.46,0.36,0.01,0.03,0.01,0.02,0.01,36.87
Brong,0.00,0.00,0.00,0.00,0.00,0.00,0.00,0.00,0.43,0.11,0.00,0.00,0.30,0.00,21.17,0.00,0.00,0.00,0.05,0.00,77.94,0.00,0.00
Bulala,0.00,0.00,0.01,0.00,0.01,0.00,0.00,0.00,0.10,34.03,0.00,0.00,0.12,0.00,15.89,0.01,0.05,0.00,0.05,0.00,49.72,0.00,0.00
Bulgarian,0.29,1.35,4.15,0.25,0.61,0.33,0.10,35.47,0.06,0.11,0.33,19.31,0.05,0.23,0.05,4.26,2.50,0.23,0.11,0.16,0.02,0.14,29.89
Burusho,0.93,9.33,38.58,0.60,25.64,0.46,0.64,8.68,0.07,0.11,0.72,0.91,0.04,0.29,0.06,0.56,0.34,0.64,0.07,4.63,0.03,3.38,3.28
Buryat,0.52,4.71,1.58,0.92,0.78,0.13,0.93,1.67,0.03,0.08,25.01,1.07,0.05,0.27,0.03,0.35,0.29,1.02,0.05,10.83,0.03,48.14,1.52
Cabecar,99.90,0.00,0.00,0.09,0.00,0.00,0.00,0.00,0.00,0.00,0.00,0.00,0.00,0.00,0.00,0.00,0.00,0.01,0.00,0.00,0.00,0.00,0.00
Cachi,96.83,0.33,0.01,0.17,0.02,0.00,0.01,0.71,0.06,0.36,0.03,0.55,0.00,0.00,0.01,0.21,0.01,0.01,0.00,0.01,0.05,0.00,0.62
Cambodian,0.18,0.21,0.57,0.15,11.32,1.16,40.78,0.32,0.04,0.13,0.43,0.19,0.06,0.34,0.07,0.21,0.10,0.18,0.02,41.93,0.07,1.26,0.27
Cantonese,0.26,0.05,0.05,0.38,0.19,0.20,38.27,0.03,0.05,0.00,0.58,0.00,0.02,0.70,0.07,0.02,0.02,0.42,0.05,45.37,0.03,13.23,0.01
Central_Greek,0.32,1.88,4.30,0.18,0.78,0.17,0.36,40.53,0.03,0.10,0.19,22.48,0.03,0.64,0.01,7.26,2.16,0.19,0.22,0.17,0.05,0.14,17.82
CEU,0.17,4.89,6.12,0.09,0.20,0.12,0.04,18.30,0.04,0.13,0.05,30.66,0.04,0.09,0.05,0.96,0.82,0.09,0.06,0.03,0.07,0.04,36.95
Chabakano,0.59,0.42,0.68,0.52,2.82,2.52,49.72,0.51,0.22,0.41,0.63,0.40,0.17,3.41,0.17,0.49,0.32,0.19,0.04,27.34,0.37,7.72,0.34
Chamar,0.63,1.49,16.01,0.67,74.47,0.62,1.00,0.39,0.01,0.05,0.46,0.26,0.02,0.30,0.03,0.27,0.24,0.22,0.02,1.68,0.04,0.42,0.70
Chane,99.93,0.00,0.00,0.06,0.00,0.00,0.00,0.00,0.00,0.00,0.00,0.00,0.00,0.00,0.00,0.00,0.00,0.01,0.00,0.00,0.00,0.00,0.00
Chechen,0.96,8.26,21.74,0.59,0.65,0.21,0.42,48.15,0.08,0.10,0.46,1.43,0.09,0.25,0.10,1.75,0.42,0.58,0.11,0.25,0.07,0.67,12.66
Chenchu,0.44,1.93,12.46,0.36,73.01,0.41,2.78,1.28,0.03,0.03,0.39,0.66,0.00,0.32,0.00,0.13,0.43,0.29,0.02,1.74,0.01,2.13,1.15
Chilote,65.75,0.52,0.87,0.98,0.15,0.11,0.08,4.94,0.06,0.07,0.30,16.15,0.04,0.08,0.01,2.28,2.23,0.21,0.05,0.10,0.02,0.13,4.87
Chinese_Dai,0.03,0.00,0.00,0.08,0.05,0.22,49.29,0.00,0.00,0.00,0.19,0.00,0.00,0.08,0.00,0.00,0.00,0.07,0.00,49.44,0.00,0.54,0.00
Chinese_Taiwan,0.36,0.05,0.00,0.28,0.17,0.22,33.42,0.02,0.06,0.03,0.67,0.00,0.01,0.14,0.01,0.01,0.00,0.74,0.02,44.18,0.02,19.59,0.00
Christian_Arabs_Israel,0.21,0.25,5.07,0.03,0.07,0.04,0.00,49.35,0.04,0.12,0.04,13.67,0.04,0.17,0.05,19.87,10.76,0.04,0.01,0.01,0.03,0.01,0.13
Chukchi,0.08,0.02,0.03,56.36,0.01,0.00,0.01,0.70,0.00,0.00,0.63,0.18,0.00,0.00,0.00,0.02,0.02,40.11,0.00,0.02,0.00,0.17,1.64
Chukchi_Sir,0.03,0.00,0.00,56.46,0.00,0.00,0.00,0.00,0.00,0.00,0.27,0.00,0.00,0.00,0.00,0.00,0.00,43.15,0.00,0.01,0.00,0.08,0.00
Chuvash,0.47,16.00,2.55,0.60,0.32,0.10,0.65,18.47,0.02,0.03,14.55,1.96,0.03,0.08,0.10,0.80,0.67,1.26,0.02,0.58,0.05,4.63,36.05
Chuvashs,0.62,12.83,5.35,1.34,1.07,0.10,0.13,19.27,0.00,0.00,13.70,2.87,0.00,0.09,0.00,0.22,0.18,2.23,0.00,1.19,0.00,5.63,33.18
Circassian,0.87,0.90,14.74,2.82,0.27,0.37,0.01,51.05,0.00,0.00,1.27,4.07,0.00,0.35,0.00,0.69,3.04,1.71,0.05,0.31,0.00,5.89,11.59
Cirkassian,0.27,5.22,18.00,1.30,1.07,0.40,0.64,46.58,0.00,0.01,3.63,7.42,0.00,0.15,0.00,0.48,0.82,0.97,0.02,1.16,0.01,2.35,9.49
Cochimi,63.74,0.66,5.55,1.54,0.36,0.16,0.16,2.83,0.00,0.02,1.77,13.19,0.12,0.25,0.52,0.31,2.55,0.14,0.02,0.17,0.03,0.25,5.66
Cochin_Jew,0.34,1.31,24.07,0.79,37.47,0.48,0.81,14.94,0.05,0.45,0.52,4.21,0.05,0.65,0.08,6.72,3.71,0.30,0.08,0.79,0.11,0.59,1.47
Colombian,21.63,1.47,2.57,0.17,0.59,0.08,0.11,13.93,0.09,0.68,0.18,32.98,0.14,0.35,1.51,2.59,3.95,0.14,0.18,0.17,3.98,0.13,12.39
Cree,51.50,5.78,1.43,14.66,0.46,0.08,0.40,5.14,0.00,0.01,0.46,7.32,0.00,0.03,0.00,0.42,0.18,0.18,0.00,0.42,0.00,2.58,8.94
Cretan,0.03,1.08,7.60,0.03,0.29,0.60,0.02,41.14,0.01,0.32,0.05,19.93,0.05,0.12,0.02,12.38,5.18,0.04,0.26,0.11,0.04,0.04,10.65
Crimean_Tatar_Coast,0.16,2.82,7.92,0.52,1.32,0.55,0.54,46.52,0.07,0.12,0.32,12.45,0.14,0.37,0.03,6.39,1.31,0.82,0.30,0.22,0.06,1.72,15.35
Crimean_Tatar_Mountain,1.17,2.87,8.03,0.46,1.07,0.06,0.27,39.20,0.00,0.01,1.59,17.24,0.01,0.65,0.02,4.24,3.25,0.06,0.04,0.14,0.01,2.97,16.65
Crimean_Tatar_Step,0.25,3.14,7.35,0.56,1.61,0.05,0.79,23.49,0.00,0.07,7.28,1.64,0.01,0.83,0.05,3.47,0.30,0.17,0.90,5.05,0.01,17.25,25.72
Croat,0.31,1.17,1.51,0.18,0.59,0.25,0.17,33.00,0.04,0.05,0.21,16.94,0.03,0.37,0.02,3.31,1.35,0.38,0.02,0.09,0.01,0.14,39.85
Croat_BH,0.14,1.08,1.70,0.09,0.71,0.17,0.13,33.30,0.04,0.08,0.20,15.09,0.03,0.10,0.02,3.06,1.32,0.13,0.09,0.04,0.02,0.12,42.35
Cucupa,74.73,1.42,1.07,2.99,0.37,0.62,0.63,4.00,0.00,0.05,0.18,7.09,0.00,0.04,0.05,2.01,1.27,0.19,0.03,0.22,0.13,0.25,2.66
Cypriot,0.20,0.62,7.40,0.10,0.63,0.18,0.13,45.68,0.11,0.42,0.19,17.94,0.08,0.42,0.06,16.81,5.78,0.16,0.20,0.14,0.08,0.20,2.46
Czech,0.31,1.43,2.85,0.25,1.83,0.20,0.18,28.24,0.08,0.15,0.20,15.25,0.05,0.21,0.03,2.12,1.50,0.16,0.16,0.19,0.05,0.13,44.43
Dai,0.03,0.00,0.00,0.06,0.19,0.12,49.92,0.00,0.00,0.00,0.15,0.00,0.00,0.06,0.00,0.00,0.00,0.05,0.00,49.02,0.00,0.41,0.00
Damara,0.01,0.07,0.02,0.01,0.01,0.01,0.00,0.09,0.06,0.22,0.00,0.08,2.98,0.01,23.82,0.11,0.04,0.00,0.14,0.00,71.98,0.00,0.34
Dane,0.52,5.03,4.34,0.38,0.47,0.18,0.03,20.48,0.01,0.07,0.46,22.78,0.01,0.12,0.01,0.70,1.18,0.10,0.03,0.04,0.01,0.14,42.92
Dargin_Urkarah,0.48,12.27,27.03,0.21,0.52,0.45,0.27,41.42,0.05,0.09,0.21,0.83,0.02,0.69,0.34,0.30,0.12,0.37,0.08,0.12,0.03,0.04,14.05
Datog,0.01,0.01,0.04,0.00,0.03,0.00,0.01,0.42,0.25,51.99,0.00,0.34,1.04,0.00,15.11,12.13,7.01,0.01,0.03,0.01,11.51,0.01,0.04
Daur,0.47,0.41,0.23,1.06,0.15,0.24,5.95,0.42,0.03,0.02,11.96,0.17,0.00,0.21,0.02,0.41,0.08,0.99,0.01,25.09,0.01,51.86,0.21
Dayak,0.45,0.48,0.22,0.10,5.05,2.19,50.52,0.17,0.57,0.05,0.85,0.77,0.11,1.65,0.12,0.03,0.18,0.08,0.11,32.94,0.46,2.54,0.36
Dhaka_mixed_popul,1.74,0.15,18.20,0.55,54.69,1.63,0.34,4.71,0.00,0.09,1.83,0.46,0.02,0.01,0.00,0.12,0.39,2.12,0.01,5.22,0.00,4.64,3.09
Dharkar,0.59,3.29,27.22,0.34,57.20,0.38,0.24,2.45,0.07,0.07,0.24,0.90,0.02,0.18,0.03,0.90,0.60,0.57,0.02,0.68,0.04,0.41,3.56
Dhurwa,0.15,0.00,0.00,0.17,74.68,2.29,10.03,0.00,0.01,0.04,0.17,0.00,0.01,0.46,0.25,0.00,0.00,0.03,0.00,11.22,0.03,0.46,0.00
Dinka,0.00,0.00,0.00,0.00,0.00,0.00,0.00,0.00,0.01,42.39,0.00,0.00,0.12,0.00,20.85,0.00,0.00,0.00,0.04,0.00,36.60,0.00,0.00
Dogon,0.00,0.01,0.01,0.00,0.03,0.01,0.02,0.00,0.12,1.17,0.01,0.01,0.19,0.00,16.64,0.03,0.12,0.00,0.17,0.01,81.44,0.01,0.00
Dolgan,0.29,0.24,0.69,0.36,0.74,0.06,0.82,0.69,0.03,0.02,56.05,0.68,0.02,0.04,0.01,0.13,0.46,0.18,0.01,0.18,0.01,35.31,2.98
Don_cossack,0.74,0.91,2.31,0.63,0.42,0.15,0.26,29.10,0.06,0.28,0.94,6.44,0.02,0.33,0.04,0.81,0.72,0.49,0.04,0.99,0.00,0.45,53.87
Druze,0.22,1.27,7.36,0.17,1.19,0.48,0.16,50.19,0.10,0.87,0.24,8.56,0.22,0.31,0.26,20.33,5.42,0.26,0.42,0.21,0.47,0.11,1.19
Dusadh,0.22,2.65,22.62,0.72,67.81,0.32,0.70,1.17,0.01,0.01,0.33,0.31,0.00,0.30,0.01,0.54,0.11,0.17,0.02,0.79,0.03,0.36,0.80
Dusun,0.21,0.01,0.06,1.22,2.19,0.11,71.86,0.00,0.35,0.01,0.25,0.00,0.01,0.71,0.35,0.02,0.01,0.49,0.00,22.11,0.00,0.02,0.01
Dutch,0.13,5.25,6.36,0.11,0.22,0.11,0.03,22.10,0.01,0.06,0.08,24.62,0.01,0.10,0.01,0.60,1.06,0.08,0.09,0.02,0.02,0.03,38.91
Egyptian_Cairo,0.03,0.10,3.15,0.02,0.24,0.05,0.02,29.87,0.04,7.38,0.02,6.51,0.09,0.06,4.17,29.32,14.59,0.01,0.16,0.02,3.71,0.02,0.43
Egyptian_Iskandaria,0.03,0.52,1.46,0.06,0.38,0.11,0.12,25.15,0.01,12.09,0.07,7.03,0.44,0.09,6.48,19.96,14.35,0.04,0.14,0.06,10.72,0.09,0.61
Egyptian_Kafar_Sheikh,0.09,0.09,0.85,0.04,1.23,0.26,0.25,31.20,0.08,8.34,0.24,7.90,0.17,0.19,1.93,25.92,16.89,0.05,0.18,0.15,3.54,0.11,0.31
Egyptian_Kairo,0.10,0.11,3.18,0.11,0.85,0.60,0.12,29.08,0.05,10.14,0.10,7.70,0.14,0.20,1.24,26.31,14.95,0.13,0.23,0.13,3.56,0.23,0.74
Egyptian_Kuwait,0.07,0.26,2.20,0.06,0.47,0.15,0.17,27.31,0.18,10.69,0.09,6.34,0.39,0.13,2.63,28.21,15.22,0.07,0.31,0.17,4.10,0.08,0.69
Egyptian_Mansoura,0.08,0.31,2.25,0.14,0.59,0.15,0.14,30.77,0.10,8.98,0.17,7.23,0.38,0.20,1.84,25.36,16.94,0.08,0.34,0.15,3.36,0.10,0.33
Egyptian_Tanta,0.16,0.34,1.56,0.20,0.57,0.28,0.10,29.38,0.06,7.17,0.10,9.96,0.73,0.47,1.62,25.68,18.19,0.13,0.84,0.16,1.92,0.06,0.32
English,0.07,4.81,5.92,0.03,0.18,0.02,0.03,20.26,0.00,0.03,0.11,28.40,0.01,0.03,0.01,1.17,1.56,0.50,0.02,0.02,0.01,0.01,36.81
English_Cornwall_GBR,0.10,5.75,6.14,0.04,0.27,0.13,0.03,19.19,0.01,0.05,0.03,31.52,0.00,0.09,0.03,0.67,0.79,0.07,0.02,0.03,0.01,0.01,35.02
English_Kent_GBR,0.09,4.93,4.93,0.03,0.29,0.25,0.02,19.95,0.01,0.09,0.03,31.36,0.02,0.06,0.06,0.90,0.63,0.04,0.03,0.01,0.02,0.02,36.23
Erzya,0.77,5.69,3.96,1.12,0.43,0.17,0.48,23.00,0.09,0.13,4.20,6.69,0.01,0.09,0.01,0.54,0.46,1.08,0.34,0.38,0.02,1.19,49.15
Esan_Nigeria_ESN,0.00,0.00,0.00,0.00,0.00,0.00,0.00,0.00,0.08,0.07,0.00,0.00,0.21,0.00,19.35,0.00,0.00,0.00,0.04,0.00,80.25,0.00,0.00
Eskimo_Chaplin,0.36,0.00,0.00,93.53,0.00,0.00,0.00,0.00,0.00,0.00,0.05,0.00,0.00,0.00,0.00,0.00,0.00,6.00,0.00,0.01,0.00,0.05,0.00
Eskimo_Naukan,0.37,0.23,0.68,92.36,0.03,0.06,0.00,2.42,0.01,0.01,0.04,1.25,0.02,0.03,0.02,0.60,0.09,0.59,0.01,0.01,0.01,0.04,1.12
Eskimo_Sireniki,0.62,0.00,0.00,84.74,0.00,0.00,0.00,0.00,0.00,0.00,0.11,0.00,0.00,0.00,0.00,0.00,0.00,14.46,0.00,0.01,0.00,0.06,0.00
Esomali,0.03,0.06,0.29,0.06,0.15,0.07,0.07,1.94,0.46,50.00,0.04,1.15,0.70,0.08,9.16,17.65,13.34,0.02,0.03,0.05,4.29,0.05,0.30
Estonian,0.50,2.57,1.21,0.35,0.51,0.19,0.10,23.68,0.00,0.04,1.29,4.68,0.00,0.26,0.01,0.53,0.51,0.39,0.03,0.31,0.01,0.10,62.72
Ethiopian_Jew,0.00,0.02,0.19,0.01,0.07,0.01,0.01,4.27,0.19,41.53,0.01,0.71,0.40,0.01,8.45,26.07,14.24,0.00,0.03,0.02,3.69,0.01,0.06
Ethiopian_Oromo,0.00,0.01,0.07,0.00,0.03,0.01,0.01,1.80,0.22,50.45,0.00,0.33,0.93,0.01,11.76,17.88,11.36,0.00,0.02,0.01,5.07,0.00,0.03
Ethiopian_Tygray,0.01,0.05,0.14,0.01,0.05,0.06,0.03,6.04,0.53,39.90,0.03,0.93,0.28,0.03,6.79,27.72,13.81,0.01,0.04,0.02,3.43,0.02,0.08
Even,0.12,1.54,1.20,0.81,0.25,0.23,0.32,9.01,0.03,0.01,35.00,1.46,0.01,0.03,0.11,0.86,0.08,3.56,0.01,0.52,0.01,23.79,21.05
Evenk,0.13,0.00,0.22,0.27,0.05,0.11,0.12,0.05,0.00,0.00,63.12,0.01,0.00,0.03,0.00,0.02,0.00,1.15,0.00,0.10,0.00,34.58,0.04
Fang,0.00,0.00,0.00,0.00,0.01,0.00,0.00,0.01,0.18,0.90,0.00,0.00,0.80,0.00,24.75,0.01,0.02,0.00,1.43,0.00,71.89,0.00,0.00
Filipino,0.42,0.26,0.25,0.43,3.63,0.78,51.93,0.79,0.03,0.08,0.48,0.41,0.08,1.38,0.09,0.50,0.20,0.22,0.01,30.61,0.09,6.95,0.38
Finn,0.43,7.11,1.38,0.63,0.24,0.17,0.10,18.30,0.03,0.09,5.72,7.08,0.03,0.05,0.06,1.01,0.81,0.81,0.16,0.30,0.03,0.13,55.33
Finn_East,0.60,7.66,1.55,0.15,1.55,0.16,0.58,19.05,0.00,0.01,6.15,8.43,0.00,0.18,0.00,0.21,0.81,0.83,0.01,0.16,0.00,0.58,51.33
Finn_West,0.50,5.79,2.84,0.77,0.68,0.23,0.26,20.05,0.01,0.03,2.69,13.83,0.00,0.60,0.00,0.48,1.42,0.30,0.03,0.31,0.00,0.43,48.76
Finnish-East,0.38,7.42,1.17,0.33,1.48,0.45,0.36,19.14,0.00,0.01,6.26,8.91,0.00,0.10,0.00,0.28,0.53,0.92,0.01,0.12,0.00,0.57,51.57
Finnish_FIN,0.40,6.61,1.09,0.62,0.59,0.07,0.33,19.57,0.00,0.04,5.46,8.20,0.01,0.21,0.02,1.14,0.65,0.42,0.01,0.15,0.00,0.24,54.16
French,0.21,3.94,4.53,0.06,0.33,0.19,0.10,20.16,0.03,0.11,0.06,36.44,0.06,0.12,0.03,1.71,1.70,0.07,0.07,0.09,0.03,0.07,29.90
French_Jew,0.54,0.68,5.89,0.12,0.57,0.16,0.14,37.65,0.12,0.48,0.17,24.05,0.04,0.48,0.08,11.92,9.16,0.09,0.27,0.09,0.17,0.09,7.05
French_South,0.12,2.29,5.85,0.17,0.38,0.06,0.10,13.09,0.02,0.12,0.14,53.58,0.02,0.15,0.04,1.70,1.91,0.18,0.08,0.08,0.03,0.17,19.72
Frisian,0.00,5.31,6.05,0.00,0.00,0.00,0.20,22.10,0.00,0.53,0.00,28.40,0.00,0.00,0.04,0.00,0.00,0.00,0.00,0.00,0.00,0.00,37.36
Gagauz,0.29,1.23,3.08,0.14,0.40,0.44,0.12,39.90,0.14,0.05,0.62,16.81,0.01,0.47,0.01,6.10,1.87,0.13,0.08,0.45,0.01,0.12,27.52
Gambian_GWD,0.00,0.01,0.01,0.00,0.01,0.02,0.00,0.05,0.15,0.81,0.00,0.14,0.60,0.00,18.73,0.06,0.97,0.00,0.07,0.00,78.35,0.00,0.02
Gana,0.00,0.00,0.00,0.00,0.00,0.00,0.00,0.01,0.08,0.64,0.00,0.01,59.84,0.00,19.42,0.04,0.04,0.00,0.04,0.00,19.87,0.00,0.01
Georgian,0.22,4.40,21.05,0.28,0.45,0.33,0.47,61.80,0.05,0.09,0.17,2.62,0.09,0.46,0.05,3.55,0.90,0.23,0.13,0.19,0.07,0.22,2.17
Georgian_Imereti,0.14,2.33,20.12,0.28,0.74,0.61,0.41,65.42,0.09,0.10,0.06,2.03,0.19,0.72,0.14,2.72,0.37,0.25,0.38,0.13,0.09,0.17,2.51
Georgian_Jew,0.33,1.60,17.09,0.23,0.95,0.30,0.22,43.99,0.04,0.27,0.16,8.10,0.05,0.36,0.04,14.98,3.79,0.18,0.18,0.53,0.11,0.13,6.37
Georgian_Laz,0.12,1.95,15.49,0.12,0.69,0.33,0.33,67.51,0.04,0.30,0.14,3.59,0.11,0.67,0.08,4.23,1.32,0.24,0.17,0.16,0.09,0.16,2.17
Georgian_Megrelia,0.28,3.44,20.22,0.37,0.56,0.32,0.33,63.37,0.13,0.14,0.11,2.25,0.20,0.66,0.10,2.73,1.12,0.24,0.19,0.17,0.13,0.17,2.77
Georgian_Svan,0.35,6.10,19.56,0.66,0.48,0.29,0.47,63.31,0.01,0.17,0.17,1.18,0.04,0.46,0.04,2.23,0.24,0.35,0.06,0.25,0.09,0.40,3.09
Georgian_Tbilisi,0.31,4.85,17.80,0.12,0.98,0.56,0.42,65.01,0.07,0.24,0.08,1.20,0.57,0.56,0.15,2.13,0.69,0.12,0.38,0.21,0.15,0.19,3.22
German,0.25,2.51,3.25,0.26,0.60,0.18,0.13,24.34,0.04,0.32,0.84,15.89,0.02,0.18,0.02,1.58,0.95,0.35,0.24,0.16,0.02,0.14,47.74
German-Volga,0.21,4.80,5.12,0.13,0.62,0.09,0.09,24.77,0.00,0.02,0.12,25.08,0.03,0.16,0.02,2.05,1.96,0.10,0.10,0.03,0.01,0.13,34.36
German_East,0.27,2.59,2.02,0.01,0.91,0.04,0.19,24.69,1.07,2.67,0.02,18.66,0.15,0.08,0.00,0.82,1.80,0.02,4.57,0.71,1.45,1.00,36.27
Gond,0.22,0.28,15.01,0.46,67.28,1.75,6.93,0.53,0.01,0.10,0.75,0.19,0.00,0.16,0.01,0.16,0.23,0.28,0.01,2.88,0.02,1.61,1.13
Greek,0.27,1.29,4.60,0.12,0.73,0.33,0.16,42.05,0.03,0.14,0.31,20.31,0.04,0.27,0.01,9.42,2.95,0.13,0.23,0.11,0.03,0.11,16.36
Greek_Athens,0.19,1.21,4.67,0.15,0.79,0.25,0.26,42.64,0.07,0.18,0.26,21.58,0.07,0.27,0.04,8.49,3.42,0.15,0.14,0.26,0.08,0.16,14.67
Greek_Islands,0.22,1.16,5.65,0.29,0.94,0.30,0.26,44.66,0.08,0.24,0.22,22.04,0.05,0.54,0.03,12.13,3.67,0.17,0.31,0.26,0.10,0.18,6.49
Greek_Macedonia,0.12,2.34,3.61,0.12,0.80,0.54,0.11,42.31,0.07,0.05,0.08,18.04,0.03,0.17,0.00,9.76,3.17,0.17,0.05,0.27,0.01,0.10,18.08
Greek_Northwest,0.07,1.77,5.44,0.43,0.08,0.02,0.58,36.39,0.23,0.08,0.00,24.64,0.00,0.00,0.20,6.56,2.01,0.06,0.10,0.12,0.06,0.09,21.06
Greek_Peloponnesos,0.09,1.57,3.68,0.07,0.16,0.08,0.50,38.13,0.06,0.07,0.12,22.49,0.05,0.29,0.03,8.79,2.55,0.08,0.06,0.41,0.32,0.28,20.12
Greek_Phokaia,0.12,3.38,1.93,0.69,1.14,0.28,0.04,41.64,0.11,0.02,0.33,20.67,0.02,0.67,0.01,11.90,2.70,0.08,0.02,0.05,0.00,0.20,13.99
Greek_Smyrna,0.06,0.96,9.04,0.03,0.54,0.17,0.21,43.04,0.04,0.13,0.30,22.02,0.11,0.21,0.06,12.16,2.74,0.22,0.08,0.12,0.05,0.10,7.61
Greek_Thessaloniki,0.37,1.18,3.53,0.23,0.70,0.27,0.13,38.89,0.11,0.10,0.23,22.09,0.06,0.23,0.03,6.82,2.98,0.16,0.07,0.16,0.04,0.11,21.51
Greek_Thessaly,0.05,1.32,3.05,0.80,0.10,0.37,0.05,38.55,0.08,0.02,0.31,23.54,0.01,0.27,0.00,7.39,2.50,0.14,0.08,0.03,0.01,0.34,20.98
Guarani,99.94,0.00,0.00,0.05,0.00,0.00,0.00,0.00,0.00,0.00,0.00,0.00,0.00,0.00,0.00,0.00,0.00,0.01,0.00,0.00,0.00,0.00,0.00
Gui,0.00,0.00,0.01,0.00,0.00,0.00,0.00,0.01,0.15,1.11,0.00,0.02,70.80,0.00,16.86,0.05,0.07,0.00,0.05,0.00,10.86,0.00,0.01
GujaratiA_GIH,0.45,6.12,37.77,0.46,37.32,0.21,0.16,6.20,0.05,0.14,0.44,1.62,0.05,0.21,0.04,0.83,0.43,0.30,0.03,0.15,0.04,0.10,6.87
GujaratiB_GIH,0.65,4.39,34.65,0.36,45.32,0.24,0.26,5.69,0.06,0.09,0.25,1.18,0.04,0.20,0.03,0.51,0.30,0.18,0.03,0.41,0.04,0.23,4.90
GujaratiC_GIH,0.38,3.92,32.28,0.29,53.53,0.24,0.29,4.02,0.01,0.04,0.22,0.83,0.01,0.24,0.01,0.37,0.23,0.14,0.11,0.33,0.02,0.26,2.23
GujaratiD_GIH,0.40,0.91,33.54,0.61,57.95,0.32,0.43,2.20,0.01,0.05,0.49,0.39,0.02,0.20,0.02,0.40,0.27,0.12,0.01,0.21,0.02,0.27,1.16
Gumuz,0.00,0.00,0.01,0.00,0.11,0.02,0.02,0.00,0.15,61.00,0.01,0.00,0.39,0.01,21.55,0.00,0.00,0.00,0.01,0.01,16.70,0.01,0.01
Hadza,0.00,0.01,0.02,0.00,0.02,0.02,0.00,0.04,0.03,51.87,0.00,0.02,1.41,0.01,32.86,0.22,0.16,0.00,0.06,0.00,13.23,0.00,0.02
Hadza_Henn,0.00,0.00,0.00,0.00,0.00,0.00,0.00,0.00,0.03,63.83,0.00,0.00,0.29,0.00,35.85,0.00,0.00,0.00,0.00,0.00,0.00,0.00,0.00
Hadza_Henn_WGA,0.00,0.00,0.00,0.00,0.00,0.00,0.00,0.00,0.00,64.35,0.00,0.00,0.25,0.00,35.40,0.00,0.00,0.00,0.00,0.00,0.00,0.00,0.00
Haida,41.38,2.27,3.55,23.14,0.10,0.07,0.18,5.80,0.01,0.05,0.07,10.52,0.03,0.04,0.02,1.01,0.30,0.16,0.03,0.14,0.03,0.13,10.97
Haiom,0.01,0.02,0.06,0.01,0.04,0.08,0.01,0.16,0.17,6.13,0.01,0.11,52.52,0.03,18.73,0.92,0.81,0.01,0.14,0.02,19.96,0.01,0.04
Hakas,1.60,20.57,5.82,1.53,0.39,0.13,0.84,1.60,0.10,0.03,20.05,1.24,0.01,0.08,0.02,0.38,0.19,0.91,0.00,5.24,0.01,32.15,7.12
Hakka,0.16,0.03,0.00,0.25,0.09,0.21,32.66,0.00,0.03,0.00,1.02,0.00,0.01,0.23,0.01,0.01,0.00,0.31,0.03,45.23,0.03,19.67,0.02
Hakkipikki,0.22,0.66,14.28,0.39,75.28,0.74,0.36,1.00,0.02,0.13,0.15,0.35,0.24,0.53,0.06,1.61,0.20,0.47,0.06,0.90,0.17,1.60,0.58
Hallaki,0.38,0.29,12.26,0.18,79.60,0.37,0.74,1.72,0.02,0.05,0.57,0.34,0.03,0.78,0.07,0.41,0.28,0.13,0.01,0.90,0.06,0.62,0.20
Han,0.05,0.00,0.00,0.09,0.01,0.01,32.72,0.00,0.00,0.00,0.22,0.00,0.00,0.02,0.00,0.00,0.00,0.10,0.00,50.37,0.00,16.41,0.00
Han-Mandarin,0.44,0.24,0.21,0.57,0.17,0.35,23.73,0.06,0.05,0.10,1.52,0.31,0.22,0.61,0.10,0.57,0.65,0.54,0.15,43.51,0.58,25.29,0.03
Han_North,0.28,0.08,0.24,0.34,0.09,0.03,15.43,0.09,0.00,0.01,0.59,0.04,0.00,0.18,0.01,0.06,0.04,0.25,0.00,52.17,0.00,29.95,0.12
Han_Singapore,0.31,0.01,0.01,0.78,0.15,0.21,33.14,0.01,0.05,0.06,1.14,0.01,0.07,0.23,0.02,0.05,0.01,0.44,0.04,45.54,0.03,17.67,0.02
Hausa,0.00,0.00,0.00,0.00,0.00,0.02,0.00,0.00,0.25,0.50,0.00,0.00,0.12,0.00,20.40,0.01,0.00,0.00,0.07,0.01,78.62,0.00,0.00
Hazara,0.62,5.38,18.83,0.84,5.77,0.28,1.93,11.48,0.08,0.11,6.75,1.95,0.05,0.40,0.07,1.57,0.56,0.79,0.06,12.17,0.06,25.12,5.14
Hema,0.01,0.10,0.08,0.02,0.06,0.08,0.08,0.35,0.19,30.37,0.02,0.43,0.54,0.05,20.33,6.24,2.88,0.11,0.12,0.02,37.83,0.02,0.07
Hezhen,0.26,0.13,0.07,0.91,0.05,0.05,7.46,0.01,0.00,0.00,11.46,0.01,0.00,0.07,0.00,0.01,0.01,2.18,0.00,25.50,0.00,51.78,0.04
Himba,0.00,0.00,0.00,0.00,0.00,0.00,0.00,0.00,0.04,0.45,0.00,0.00,2.97,0.00,23.73,0.00,0.01,0.00,0.38,0.00,72.42,0.00,0.00
Hindi,0.84,2.78,29.82,0.47,45.21,0.85,0.62,5.36,0.16,0.34,0.77,1.44,0.18,0.50,0.09,1.61,0.90,0.58,0.28,1.13,0.07,0.68,5.31
Hmong,0.26,0.19,0.22,0.42,0.51,0.57,37.41,0.06,0.07,0.01,0.74,0.24,0.11,0.26,0.04,0.15,0.02,0.37,0.24,48.31,0.05,9.62,0.13
Hmong_Miao,0.11,0.11,0.03,0.43,0.14,0.27,35.66,0.04,0.04,0.02,1.20,0.03,0.06,0.28,0.00,0.05,0.01,0.38,0.04,49.16,0.00,11.82,0.11
Ho,0.83,0.01,0.01,0.01,69.09,0.89,18.21,0.00,0.00,0.06,0.08,0.00,0.00,0.02,0.02,0.00,0.00,0.08,2.48,7.86,0.12,0.11,0.12
Hoan,0.00,0.00,0.00,0.00,0.00,0.00,0.00,0.00,0.07,0.16,0.00,0.00,68.34,0.00,18.49,0.00,0.00,0.00,0.02,0.00,12.92,0.00,0.00
Htin,0.21,0.17,0.30,0.13,8.80,1.41,39.42,0.07,0.07,0.13,1.52,0.17,0.14,0.32,0.09,0.06,0.16,0.26,0.03,43.98,0.30,2.13,0.13
Huichol,99.26,0.00,0.00,0.67,0.00,0.00,0.00,0.00,0.00,0.00,0.01,0.00,0.00,0.00,0.00,0.00,0.00,0.03,0.00,0.00,0.00,0.03,0.00
Hungarian,0.38,1.77,2.44,0.19,0.45,0.22,0.14,28.13,0.08,0.11,0.36,17.96,0.11,0.18,0.09,2.28,1.42,0.16,0.06,0.25,0.03,0.18,43.02
Hungarian_Budapest,0.46,1.33,3.24,0.33,0.67,0.17,0.19,28.84,0.08,0.07,0.46,16.85,0.02,0.20,0.01,2.72,1.42,0.42,0.05,0.18,0.02,0.19,42.07
Iban,0.10,0.01,0.00,0.14,5.42,2.68,62.47,0.03,0.02,0.17,0.05,0.04,0.19,0.25,0.03,0.08,0.00,0.42,0.00,27.81,0.05,0.04,0.00
Icelandic,0.17,5.49,6.50,0.06,0.23,0.05,0.05,16.34,0.00,0.06,0.06,27.23,0.02,0.07,0.01,0.73,0.80,0.08,0.02,0.03,0.02,0.03,41.95
Igbo,0.00,0.00,0.00,0.00,0.00,0.01,0.00,0.00,0.26,0.39,0.00,0.00,0.22,0.02,20.13,0.00,0.01,0.00,0.10,0.00,78.86,0.00,0.00
Igorot,0.01,0.00,0.00,0.03,0.00,0.00,97.34,0.00,0.00,0.00,0.01,0.00,0.00,0.00,0.00,0.00,0.00,0.03,0.00,0.97,0.00,1.61,0.00
Ilocano,0.44,0.10,0.11,0.31,1.21,0.71,58.95,0.24,0.12,0.15,0.53,0.07,0.12,2.52,0.01,0.09,0.15,0.19,0.05,26.72,0.04,7.06,0.11
Inga,92.79,0.19,0.14,0.14,0.15,0.14,0.40,1.36,0.00,0.02,0.02,2.90,0.00,0.04,0.00,0.57,0.22,0.03,0.00,0.05,0.01,0.10,0.73
Iraki,0.41,4.04,16.75,0.57,1.66,0.34,4.14,33.84,0.34,1.57,1.50,5.44,0.32,0.22,2.29,19.39,4.92,0.33,0.47,0.32,0.65,0.46,0.00
Iranian,1.48,2.37,28.05,0.19,6.56,0.44,0.29,30.83,0.19,1.53,0.30,4.87,0.43,0.47,0.76,13.44,3.56,0.21,0.11,0.27,1.70,0.19,1.77
Iranian_Jew,0.18,1.00,19.37,0.13,1.33,0.18,0.16,44.12,0.04,0.19,0.20,6.07,0.08,0.30,0.03,19.74,5.38,0.20,0.10,0.15,0.04,0.15,0.85
Iraqi_Chaldean,0.04,2.29,18.20,0.19,1.02,0.00,0.00,42.06,0.09,0.24,0.03,9.94,0.00,0.24,0.00,19.15,4.64,0.13,0.00,0.36,0.00,0.11,1.28
Iraqi_Jew,0.20,0.58,15.17,0.12,0.55,0.23,0.27,45.65,0.12,0.70,0.07,8.58,0.13,0.26,0.08,21.40,4.10,0.24,0.29,0.11,0.11,0.12,0.91
Iraqi_Mandean,0.80,0.71,20.26,0.20,2.17,0.00,0.10,41.52,0.10,0.11,0.04,6.66,0.00,0.29,0.00,19.15,7.10,0.41,0.00,0.00,0.00,0.00,0.37
Iraya,0.60,0.03,0.14,0.12,4.61,2.25,49.62,1.67,0.67,0.31,0.60,0.84,0.16,5.83,1.16,0.33,0.43,0.95,0.12,21.97,0.29,7.12,0.19
Irish,0.66,4.67,7.49,0.00,0.61,0.18,0.17,20.89,0.02,0.00,0.00,28.32,0.05,0.00,0.02,0.12,0.31,0.00,0.00,0.00,0.03,0.00,36.47
Italian_Abruzzo,0.17,1.39,4.92,0.28,0.63,0.36,0.06,35.27,0.03,0.16,0.24,30.31,0.05,0.29,0.24,9.53,3.29,0.15,0.07,0.10,0.06,0.10,12.30
Italian_Bergamo,0.13,1.88,3.61,0.14,0.35,0.11,0.15,28.43,0.05,0.07,0.10,37.77,0.02,0.40,0.01,4.15,3.02,0.18,0.05,0.07,0.02,0.08,19.22
Italian_Jew,0.16,1.00,4.54,0.28,0.91,0.28,0.11,37.92,0.09,0.53,0.15,22.80,0.17,0.81,0.09,14.16,9.88,0.26,0.18,0.21,0.13,0.21,5.14
Italian_North,0.00,3.18,5.03,0.00,0.20,0.00,0.00,29.03,0.00,0.00,0.00,27.88,0.00,0.74,0.00,4.22,4.16,0.00,0.00,0.00,0.00,0.00,25.56
Italian_Piedmont,0.20,1.81,2.94,0.11,0.39,0.06,0.06,32.04,0.02,0.17,0.13,34.00,0.02,0.45,0.03,6.25,3.22,0.11,0.10,0.08,0.07,0.05,17.70
Italian_South,0.58,0.54,3.87,0.14,0.56,0.01,0.31,43.00,0.07,0.42,0.09,21.96,0.18,0.06,0.05,9.47,5.35,0.36,0.13,0.15,0.18,0.12,12.39
Italian_Tuscan,0.22,1.56,4.21,0.09,0.35,0.13,0.08,33.16,0.03,0.12,0.10,32.44,0.05,0.16,0.04,7.09,3.16,0.13,0.09,0.20,0.07,0.09,16.42
Itelmen,0.00,0.00,0.00,0.11,0.00,0.00,0.00,0.00,0.00,0.00,6.69,0.00,0.00,0.00,0.00,0.00,0.00,90.23,0.00,0.00,0.00,2.97,0.00
Jagoi,0.29,0.12,0.08,0.28,5.83,2.14,47.28,0.22,0.16,0.24,1.30,0.20,0.04,1.30,0.10,0.11,0.26,0.14,0.02,38.55,0.10,1.12,0.11
Japanese,0.10,0.00,0.00,0.16,0.05,0.07,17.45,0.00,0.00,0.00,0.12,0.00,0.00,0.07,0.00,0.00,0.00,0.21,0.00,32.83,0.00,48.94,0.00
Japanese_ML,0.47,0.05,0.04,0.65,0.48,0.44,17.62,0.01,0.09,0.04,1.36,0.06,0.06,0.30,0.06,0.05,0.01,0.98,0.28,35.13,0.04,41.74,0.03
Jatt_Haryana,1.18,8.31,31.26,0.09,33.19,0.04,0.08,11.78,0.00,0.09,0.49,1.86,0.01,0.18,0.00,0.30,0.07,0.25,0.02,0.12,0.05,0.26,10.36
Jatt_Muslim,0.91,4.58,33.96,0.57,37.91,0.25,0.14,8.75,0.02,0.20,0.46,2.38,0.02,0.18,0.06,1.33,0.27,1.03,0.04,0.37,0.13,0.47,5.98
Jatt_Pahari,0.28,4.88,36.40,0.93,33.36,0.90,0.23,12.42,0.06,0.05,0.53,1.66,0.01,0.58,0.04,1.45,0.15,0.95,0.03,0.39,0.01,0.11,4.57
Javanese,0.21,0.19,0.25,0.32,7.55,2.54,44.59,0.08,0.19,0.06,0.81,0.35,0.15,1.67,0.11,0.23,0.25,0.33,0.04,38.21,0.11,1.51,0.25
Jehai,0.06,0.29,0.30,0.61,20.76,6.65,31.66,0.12,0.17,0.51,1.36,0.63,0.39,1.59,0.65,0.39,0.39,0.60,0.17,31.11,0.48,0.56,0.56
Jew_Tat,0.40,1.71,17.59,0.14,1.53,0.26,0.37,47.45,0.15,0.24,0.28,6.97,0.07,0.38,0.02,17.04,3.56,0.20,0.38,0.24,0.13,0.09,0.80
Jiamao,0.49,0.13,0.05,0.35,0.43,0.49,46.24,0.01,0.04,0.06,0.76,0.05,0.09,0.68,0.04,0.01,0.09,0.24,0.02,42.67,0.02,7.00,0.04
Jinuo,0.28,0.19,0.07,0.58,1.58,1.61,26.07,0.08,0.02,0.13,1.53,0.06,0.01,0.93,0.15,0.03,0.08,0.97,0.16,50.20,0.16,14.94,0.17
Jordanian,0.15,0.94,8.78,0.40,0.76,0.29,0.16,32.54,0.13,5.97,0.24,7.96,0.24,0.25,2.48,22.89,8.85,0.16,0.26,0.18,4.93,0.20,1.23
Ju_hoan_North,0.00,0.00,0.00,0.00,0.00,0.00,0.00,0.00,0.15,0.00,0.00,0.00,86.29,0.00,13.55,0.00,0.00,0.00,0.00,0.00,0.01,0.00,0.00
Ju_hoan_South,0.00,0.00,0.01,0.00,0.01,0.01,0.00,0.01,0.15,0.46,0.00,0.01,79.89,0.00,14.95,0.02,0.03,0.00,0.02,0.00,4.43,0.00,0.00
Kaba,0.00,0.00,0.00,0.00,0.01,0.00,0.01,0.00,0.11,6.49,0.00,0.00,0.28,0.01,20.30,0.01,0.03,0.00,0.15,0.01,72.59,0.00,0.00
Kabardin,0.08,4.34,19.13,1.22,0.34,0.47,1.68,48.43,0.21,0.09,2.35,1.80,0.11,0.16,0.03,2.62,0.35,0.72,0.34,0.36,0.03,2.04,13.11
Kakheti,0.10,4.50,21.68,0.17,0.30,0.16,0.14,57.35,0.08,0.14,0.13,3.40,0.01,0.08,0.08,7.50,0.58,0.26,0.11,0.98,0.06,0.43,1.75
Kalash,0.79,5.79,67.19,0.36,12.28,0.61,0.50,1.19,0.03,0.04,0.44,2.10,0.01,0.49,0.01,0.28,0.45,0.44,0.02,1.21,0.03,0.29,5.45
Kalmyk,0.54,5.71,3.30,0.98,0.45,0.18,1.57,3.25,0.09,0.05,16.87,1.43,0.02,0.24,0.02,0.62,0.40,1.07,0.04,13.89,0.02,45.89,3.36
Kambera,0.16,0.06,0.06,0.07,3.88,20.72,40.14,0.01,0.10,0.05,0.57,0.04,0.18,6.10,0.26,0.00,0.05,0.20,0.01,24.81,0.02,2.39,0.13
Kamsali,0.62,0.28,21.83,1.04,71.81,0.11,0.84,0.66,0.04,0.01,0.14,0.23,0.07,0.49,0.18,0.61,0.05,0.28,0.04,0.41,0.01,0.15,0.11
Kanjar,0.36,2.19,27.71,0.38,59.58,0.35,0.63,1.99,0.04,0.10,0.41,0.80,0.02,0.26,0.06,0.38,0.28,0.33,0.04,0.32,0.05,0.40,3.33
Kaqchikel,99.85,0.00,0.00,0.10,0.00,0.00,0.00,0.00,0.00,0.00,0.01,0.00,0.00,0.00,0.00,0.00,0.00,0.02,0.00,0.00,0.00,0.02,0.00
Karakalpak,0.18,7.57,10.65,1.23,1.23,0.07,1.52,16.19,0.16,0.20,8.35,1.49,0.01,1.30,0.08,1.46,0.82,1.00,0.03,9.85,0.05,26.05,10.50
Karelian,0.55,6.49,1.88,0.61,0.53,0.19,0.48,18.47,0.04,0.12,6.45,3.51,0.05,0.07,0.08,0.84,0.54,0.34,0.14,0.28,0.04,0.62,57.68
Karen,0.34,0.13,0.26,1.15,7.08,1.77,27.20,0.62,0.05,0.04,1.68,0.01,0.10,1.23,0.05,0.05,0.11,0.62,0.22,47.92,0.05,9.25,0.07
Karitiana,99.96,0.00,0.00,0.03,0.00,0.00,0.00,0.00,0.00,0.00,0.00,0.00,0.00,0.00,0.00,0.00,0.00,0.01,0.00,0.00,0.00,0.00,0.00
Kashub,0.12,2.01,2.63,0.04,0.26,0.11,0.23,27.20,0.10,0.25,0.08,12.59,0.04,0.09,0.04,0.72,0.51,0.05,0.42,0.10,0.12,0.13,52.15
Kazahs,1.23,5.41,9.33,1.66,1.35,0.30,3.23,9.42,0.01,0.11,12.48,3.94,0.01,0.17,0.10,0.91,0.55,1.54,0.02,11.98,0.03,27.40,8.82
Kazakh,0.41,7.47,6.64,1.68,1.39,0.22,0.85,11.16,0.13,0.06,12.53,2.30,0.01,0.17,0.02,1.60,0.51,1.36,0.06,9.73,0.04,32.96,8.71
Kensiu,0.28,0.21,0.13,0.99,28.92,8.26,26.61,0.15,0.07,0.29,1.39,1.30,0.06,1.74,0.69,0.57,0.54,0.50,0.33,25.51,0.55,0.57,0.33
Ket,1.76,36.34,0.11,2.77,0.07,0.02,0.35,0.01,0.00,0.00,49.16,0.01,0.00,0.01,0.00,0.00,0.00,1.37,0.00,0.76,0.00,6.13,1.14
Kgalagadi,0.00,0.00,0.00,0.00,0.00,0.00,0.00,0.00,0.14,0.14,0.00,0.00,32.55,0.00,21.63,0.00,0.00,0.00,0.11,0.00,45.44,0.00,0.00
Khant,0.09,46.83,0.06,0.69,0.07,0.02,0.09,0.11,0.00,0.00,46.63,0.29,0.00,0.05,0.00,0.10,0.02,0.77,0.00,0.43,0.00,0.14,3.60
Kharia,0.10,0.01,0.02,0.12,70.90,2.06,11.45,0.01,0.01,0.05,0.43,0.01,0.02,1.09,0.10,0.01,0.01,0.09,0.02,13.06,0.04,0.39,0.01
Khmer_Cambodian,0.02,0.04,0.51,0.16,11.20,2.12,39.20,0.10,0.00,0.06,0.55,0.02,0.06,0.23,0.35,0.26,0.12,0.09,0.11,43.85,0.05,0.88,0.02
Khomani,0.08,0.67,1.03,0.06,1.75,0.17,0.14,2.25,0.20,1.68,0.11,2.76,56.68,0.20,15.56,1.14,0.71,0.04,0.09,0.14,11.64,0.09,2.80
Khwe,0.01,0.03,0.15,0.01,0.06,0.03,0.02,0.11,0.18,5.99,0.01,0.08,33.56,0.03,21.34,0.72,0.30,0.01,0.28,0.02,36.98,0.02,0.07
Kikuyu,0.00,0.01,0.08,0.01,0.02,0.02,0.01,0.22,0.14,29.99,0.01,0.12,0.62,0.01,18.72,6.46,3.34,0.01,0.07,0.00,40.10,0.01,0.03
Kinh_Vietnam_KHV,0.12,0.01,0.07,0.15,1.43,0.28,44.88,0.11,0.02,0.03,0.49,0.07,0.01,0.10,0.01,0.02,0.01,0.24,0.00,50.06,0.05,1.78,0.06
Koinanbe,0.00,0.00,0.00,0.00,0.00,99.96,0.00,0.00,0.00,0.00,0.00,0.00,0.00,0.04,0.00,0.00,0.00,0.00,0.00,0.00,0.00,0.00,0.00
Kol,0.30,1.43,21.34,0.45,70.85,0.30,0.42,0.70,0.05,0.04,0.30,0.47,0.01,0.17,0.02,0.23,0.17,0.30,0.02,0.56,0.02,0.45,1.40
Komi,0.45,14.99,2.64,0.82,0.34,0.25,0.33,19.01,0.03,0.05,11.88,2.82,0.01,0.15,0.02,1.21,0.46,0.77,0.13,0.46,0.01,1.75,41.43
Korean,0.04,0.00,0.00,0.13,0.00,0.00,16.67,0.00,0.00,0.00,0.31,0.00,0.00,0.01,0.00,0.00,0.00,0.14,0.00,41.16,0.00,41.53,0.00
Korean_KR,0.24,0.08,0.01,0.33,0.20,0.17,18.56,0.07,0.03,0.04,1.73,0.35,0.12,0.18,0.01,0.01,0.04,0.69,0.60,39.41,0.05,36.98,0.10
Koryak,0.08,0.07,0.51,2.92,0.07,0.03,0.20,0.89,0.00,0.00,2.04,0.19,0.00,0.01,0.00,0.07,0.03,89.50,0.00,0.10,0.00,1.87,1.42
Kosipe,0.00,0.00,0.00,0.00,0.00,99.93,0.00,0.00,0.00,0.00,0.00,0.00,0.00,0.07,0.00,0.00,0.00,0.00,0.00,0.00,0.00,0.00,0.00
Kosovar,0.22,1.02,3.73,0.14,0.47,0.15,0.16,36.96,0.06,0.11,0.32,25.88,0.04,0.32,0.01,5.56,1.72,0.14,0.09,0.18,0.04,0.09,22.59
